7 7 0 12 12 15 5 21 101 21 7 1 12 12 15 15 5 21 21 21 1 1 1 4 4 15 18 9 9 9 0 1 0 16 16 18 18 18 2 22 0 1 14 2 16 16 18 22 22 22 0 14 14 11 11 16 19 3 22 4 10 10 14 11 11 19 19 19 23 4 10 10 3 17 17 101 19 23 23 23 5 5 13 13 17 17 101 101 7 23 8 8 8 13 13 17 101 7 7 101
101
8 100 14 4 4 20 100 20 7 7 8 14 14 16 16 20 20 20 1 7 8 0 14 0 16 16 0 1 1 1 11 11 9 9 9 16 19 0 1 3 11 11 17 17 0 19 19 19 1 15 0 12 12 17 17 0 19 22 15 15 12 12 0 18 17 22 22 22 2 15 4 4 18 18 18 5 22 3 23 2 6 13 13 18 21 5 21 23 23 23 6 6 13 13 21 21 21 5 5 23
101
100 100 12 12 18 100 100 4 4 22 100 12 12 18 18 18 100 22 22 22 6 6 15 2 18 20 100 20 22 5 6 15 15 13 13 20 20 20 19 5 5 5 15 3 13 13 4 19 19 19 9 9 9 1 16 16 4 21 19 21 11 11 1 1 1 16 16 21 21 21 11 11 14 1 17 17 16 3 23 101 6 14 14 1 2 17 17 23 23 23 6 6 14 8 8 8 17 101 101 23
100
0 10 10 100 4 4 6 20 100 20 5 10 10 12 100 6 6 20 20 20 5 1 0 12 12 100 18 6 6 100 1 1 1 3 12 18 18 18 6 22 9 1 16 16 13 13 18 22 22 22 9 1 3 16 16 13 13 21 22 21 9 8 8 8 16 2 19 21 21 21 0 14 2 17 17 19 19 19 23 101 14 14 11 11 17 17 19 23 23 23 100 14 11 11 101 17 101 5 5 23
100
0 1 0 8 16 16 100 6 6 100 1 1 1 8 0 16 16 20 6 20 0 1 0 8 17 17 16 20 20 20 9 1 12 12 4 17 17 2 23 3 9 12 12 14 4 19 17 23 23 23 9 0 14 14 19 19 19 2 22 23 11 11 4 14 5 19 22 22 22 6 11 11 4 15 5 18 0 22 6 6 13 13 15 15 18 18 18 21 3 21 101 13 13 15 0 18 0 21 21 21
100
100 6 100 14 4 4 20 100 20 100 6 6 14 14 100 18 20 20 20 100 100 12 12 14 18 18 18 6 10 10 12 12 2 1 2 18 6 6 10 10 16 16 1 1 1 8 8 8 100 22 0 16 16 1 7 7 19 22 22 22 11 11 16 1 7 19 19 19 22 4 11 11 3 15 17 17 19 3 23 4 13 13 15 15 7 17 17 23 23 23 101 13 13 15 7 7 17 5 5 23
100
100 100 12 12 18 0 9 3 1 3 100 12 12 18 18 18 9 1 1 1 6 6 14 0 18 0 9 4 1 5 6 14 14 0 15 0 19 4 1 5 10 10 14 15 15 19 19 19 2 22 10 10 17 17 15 0 19 22 22 22 100 16 16 17 17 21 2 21 22 4 100 6 16 16 17 21 21 21 23 4 6 6 100 16 20 0 20 23 23 23 100 8 8 8 20 20 20 5 5 23
100
6 6 14 17 17 2 20 100 20 100 6 14 14 0 17 17 20 20 20 100 11 11 14 1 2 17 18 100 4 4 11 11 1 1 1 18 18 18 100 22 9 9 9 1 3 15 18 22 22 22 13 13 0 1 15 15 3 21 22 21 4 13 13 6 6 15 19 21 21 21 4 12 16 16 6 19 19 19 23 101 7 12 12 16 16 5 19 23 23 23 7 7 12 100 16 5 8 8 8 23
100
100 100 6 6 2 18 13 13 5 5 100 20 20 6 18 18 18 13 13 22 6 6 20 16 16 18 5 22 22 22 6 20 20 2 16 16 5 21 22 21 11 11 8 8 8 16 19 21 21 21 11 11 1 17 17 19 19 19 23 101 4 1 1 1 17 17 19 23 23 23 4 14 1 3 15 17 101 101 7 23 14 14 1 15 15 101 7 7 7 3 100 14 4 4 15 7 7 9 9 9
101
100 100 100 12 12 18 8 8 8 22 10 10 12 12 18 18 18 22 22 22 10 10 5 5 14 18 19 2 22 5 2 13 13 14 14 19 19 19 23 5 11 11 13 13 14 4 19 23 23 23 11 11 3 15 21 4 21 17 17 23 4 4 15 15 21 21 21 1 17 17 9 16 16 15 7 7 1 1 1 17 9 6 16 16 20 7 20 1 3 6 9 6 6 16 20 20 20 1 6 6
100
100 12 12 13 13 101 5 5 7 7 12 12 1 3 13 13 21 101 21 7 6 1 1 1 18 2 21 21 21 101 6 6 1 18 18 18 19 9 9 9 11 11 1 15 18 19 19 19 23 101 11 11 15 15 7 7 19 23 23 23 0 14 2 15 20 7 20 17 17 23 14 14 16 16 20 20 20 22 17 17 4 14 6 16 16 22 22 22 3 17 4 6 6 100 16 100 22 8 8 8
101
7 7 7 101 11 11 4 17 17 101 7 7 7 15 11 11 4 19 17 17 101 101 15 15 3 18 19 19 19 17 9 13 13 15 18 18 18 19 2 22 9 0 13 13 20 18 20 22 22 22 9 12 12 14 20 20 20 6 22 5 12 12 14 14 2 1 6 6 23 5 100 16 16 14 1 1 1 23 23 23 10 10 16 16 5 1 21 3 21 23 10 10 100 16 5 1 21 21 21 101
101
101 101 101 15 0 1 2 6 6 3 13 13 15 15 1 1 1 21 6 21 0 13 13 15 4 1 3 21 21 21 6 6 17 17 4 1 8 8 8 22 6 14 4 17 17 0 19 22 22 22 14 14 4 18 17 19 19 19 22 5 100 14 18 18 18 5 19 2 23 5 12 16 16 18 20 5 20 23 23 23 12 12 16 16 20 20 20 11 11 23 100 12 100 16 9 9 9 11 11 101
100
4 4 14 0 15 20 100 20 6 6 100 14 14 15 15 20 20 20 6 22 10 10 14 0 15 6 6 22 22 22 10 10 17 17 0 21 6 21 22 4 9 9 9 17 17 21 21 21 23 4 0 16 16 0 17 3 19 23 23 23 11 11 16 16 2 19 19 19 1 23 11 11 0 16 18 2 19 1 1 1 7 13 13 18 18 18 12 12 1 5 7 7 13 13 18 12 12 3 1 5
100
4 4 6 100 12 12 21 101 21 101 100 6 6 12 12 18 21 21 21 5 10 10 16 16 18 18 18 2 23 5 10 10 0 16 16 18 19 23 23 23 5 5 15 2 16 19 19 19 3 23 8 15 15 9 9 9 19 22 7 7 8 0 15 13 13 22 22 22 1 7 8 14 17 17 13 13 22 1 1 1 14 14 6 17 17 20 3 20 1 4 100 14 6 6 17 20 20 20 1 4
100
100 100 14 10 10 100 100 6 100 6 100 14 14 10 10 18 6 6 6 6 8 100 14 100 18 18 18 100 2 22 8 100 100 100 20 18 20 22 22 22 8 16 16 100 20 20 20 5 22 5 11 11 16 16 100 12 12 5 23 5 11 11 2 16 12 12 1 23 23 23 9 3 17 17 3 1 1 1 4 23 9 13 13 17 17 4 1 21 4 21 9 101 13 13 17 4 1 21 21 21
100
7 7 13 13 17 17 101 101 5 5 7 12 12 13 13 17 17 5 5 7 12 12 16 16 0 21 17 21 7 7 4 4 22 16 16 21 21 21 23 101 22 22 22 0 16 19 0 23 23 23 0 22 0 18 19 19 19 1 3 23 11 11 18 18 18 19 1 1 1 3 11 11 14 18 8 8 8 1 2 15 6 14 14 20 100 20 2 1 15 15 6 6 14 20 20 20 9 9 9 15
101
13 13 7 7 5 5 19 101 11 11 2 13 13 7 7 19 19 19 11 11 4 17 17 7 7 23 19 21 3 21 4 1 17 17 23 23 23 21 21 21 1 1 1 17 6 6 23 5 5 22 8 1 10 10 20 6 20 22 22 22 8 1 10 10 20 20 20 100 22 4 8 14 15 15 15 18 100 16 16 4 14 14 3 15 18 18 18 6 16 16 100 14 9 9 9 18 6 6 2 16
101
8 12 2 11 11 101 21 101 21 5 8 12 12 11 11 15 21 21 21 5 8 14 12 0 15 15 0 20 0 20 14 14 9 9 9 15 18 20 20 20 6 14 0 16 16 18 18 18 100 22 6 6 10 10 16 16 18 22 22 22 0 1 10 10 0 16 19 2 22 3 1 1 1 17 17 19 19 19 23 3 4 1 13 13 17 17 19 23 23 23 4 1 0 13 13 17 101 5 5 23
100
7 7 12 12 100 100 6 8 8 8 7 12 12 16 16 6 6 100 22 100 11 11 5 5 16 16 22 22 22 100 11 11 14 17 17 16 20 22 20 4 4 14 14 5 17 17 20 20 20 4 4 1 14 5 18 17 2 21 3 21 1 1 1 18 18 18 19 21 21 21 0 1 2 15 18 19 19 19 23 101 6 1 15 15 10 10 19 23 23 23 6 6 3 15 10 10 9 9 9 23
100
6 13 13 2 8 8 8 22 6 6 6 6 13 13 19 22 22 22 6 14 16 16 3 19 19 19 22 1 14 14 100 16 16 4 19 5 1 1 1 14 4 4 16 4 20 5 20 1 7 7 100 12 12 18 20 20 20 1 7 15 12 12 18 18 18 9 9 9 15 15 2 17 17 18 21 3 21 101 23 15 11 11 17 17 21 21 21 23 23 23 11 11 101 17 101 101 101 5 5 23
101
100 12 12 16 16 100 100 100 4 4 12 12 14 6 16 16 100 100 100 6 0 14 14 6 6 16 18 100 6 6 15 2 14 17 17 18 18 18 100 22 15 15 1 2 17 17 18 22 22 22 15 1 1 1 13 17 3 19 22 8 10 10 1 13 13 4 19 19 19 8 10 10 1 13 20 4 20 19 23 8 5 21 3 21 20 20 20 23 23 23 5 21 21 21 5 5 9 9 9 23
100
6 6 14 4 8 8 8 21 101 21 6 14 14 4 15 17 17 21 21 21 5 5 14 15 15 5 17 17 7 7 10 10 2 1 15 5 20 17 20 7 10 10 1 1 1 18 20 20 20 22 13 13 3 1 18 18 18 22 22 22 0 13 13 1 2 18 19 3 22 4 0 12 12 16 16 19 19 19 23 4 12 12 100 6 16 16 19 23 23 23 100 100 6 6 100 16 9 9 9 23
100
8 11 11 101 15 9 9 9 7 7 8 11 11 15 15 0 21 101 21 7 8 16 16 0 15 18 21 21 21 3 6 6 16 16 18 18 18 3 12 12 6 14 20 16 20 18 2 12 12 22 14 14 20 20 20 0 19 22 22 22 5 14 4 4 1 19 19 19 22 4 5 17 17 1 1 1 19 2 23 4 10 10 17 17 1 13 13 23 23 23 10 10 0 17 1 0 13 13 101 23
100
100 10 10 17 17 7 7 20 100 20 4 10 10 12 17 17 7 20 20 20 4 16 16 12 12 17 21 3 21 2 8 4 16 16 12 18 21 21 21 22 8 4 14 16 18 18 18 22 22 22 8 14 14 6 6 18 0 19 22 9 11 11 14 6 1 0 19 19 19 9 11 11 15 1 1 1 2 19 23 9 7 15 15 5 1 13 13 23 23 23 7 7 15 5 1 3 13 13 101 23
101
8 100 12 12 14 14 14 1 6 6 8 12 12 100 18 14 1 1 1 6 8 16 16 18 18 18 5 1 11 11 10 10 16 16 18 19 5 1 11 11 10 10 0 16 19 19 19 3 22 3 13 13 9 9 9 19 22 22 22 15 101 13 13 4 20 0 20 22 15 15 101 17 17 4 20 20 20 2 23 15 101 7 17 17 21 2 21 23 23 23 7 7 101 17 21 21 21 5 5 23
101
100 12 12 4 6 6 100 8 8 8 12 12 14 4 18 6 20 100 20 100 100 14 14 18 18 18 20 20 20 22 6 6 14 7 18 13 13 22 22 22 6 16 16 7 7 19 13 13 22 2 10 10 16 16 19 19 19 21 3 21 10 10 0 16 1 19 3 21 21 21 0 17 17 1 1 1 15 2 23 101 11 11 17 17 1 15 15 23 23 23 11 11 101 17 1 0 15 5 5 23
100
101 13 101 15 10 10 4 4 1 3 13 13 15 15 10 10 19 1 1 1 13 7 7 15 3 19 19 19 1 2 0 7 14 17 17 2 19 21 1 21 12 14 14 5 17 17 6 21 21 21 12 12 14 5 18 17 6 6 22 8 100 12 0 18 18 18 22 22 22 8 4 16 16 0 18 7 7 22 23 8 4 6 16 16 20 7 20 23 23 23 6 6 100 16 20 20 20 5 5 23
100
100 12 12 5 5 20 100 20 11 11 12 12 14 17 17 20 20 20 11 11 100 14 14 0 17 17 3 21 2 21 100 6 14 18 0 17 19 21 21 21 6 6 18 18 18 19 19 19 3 22 100 6 100 18 0 1 19 22 22 22 6 6 10 10 1 1 1 13 22 4 16 16 10 10 15 1 13 13 23 4 100 16 16 15 15 1 13 23 23 23 4 4 16 0 15 2 8 8 8 23
100
0 4 4 13 13 3 20 100 20 100 11 11 16 16 13 13 20 20 20 6 11 11 1 16 16 2 18 100 6 6 2 1 1 1 16 18 18 18 100 22 6 6 1 7 7 14 18 22 22 22 12 6 1 7 14 14 3 21 22 21 12 12 8 8 8 14 19 21 21 21 9 12 15 17 17 19 19 19 23 101 9 15 15 7 17 17 19 23 23 23 9 101 15 7 7 17 101 5 5 23
101
11 11 7 7 5 5 1 8 8 8 11 11 15 7 18 1 1 1 19 2 0 15 15 18 18 18 1 19 19 19 10 10 15 0 18 12 1 2 19 22 10 10 17 17 0 12 12 22 22 22 6 6 0 17 17 20 12 20 22 14 6 16 16 0 17 20 20 20 14 14 7 7 16 16 21 3 21 3 23 14 7 13 13 16 21 21 21 23 23 23 5 5 13 13 4 4 9 9 9 23
101
4 21 21 21 0 6 6 100 100 100 4 21 1 21 16 16 6 100 12 12 7 1 1 1 0 16 16 12 12 22 7 7 1 0 18 2 16 22 22 22 11 11 1 18 18 18 19 2 22 5 11 11 14 6 18 19 19 19 23 5 0 14 14 6 6 3 19 23 23 23 4 4 14 15 17 17 8 8 8 23 13 13 15 15 7 17 17 20 3 20 101 13 13 15 7 7 17 20 20 20
100
100 100 100 14 4 15 15 15 19 101 100 100 14 14 4 1 15 19 19 19 100 100 6 14 1 1 1 2 19 22 100 6 6 18 3 1 12 22 22 22 100 100 18 18 18 1 12 12 22 3 100 4 4 18 5 5 21 12 21 8 100 6 16 16 17 17 21 21 21 8 6 6 2 16 16 17 17 101 23 8 100 10 10 20 16 20 17 23 23 23 100 10 10 20 20 20 9 9 9 23
100
8 6 17 17 0 20 100 20 10 10 8 6 6 17 17 20 20 20 10 10 8 12 12 18 17 7 7 21 2 21 12 12 18 18 18 19 7 21 21 21 0 13 13 18 19 19 19 4 4 22 11 11 13 13 1 19 3 22 22 22 11 11 5 1 1 1 16 16 22 4 0 14 5 15 1 16 16 3 23 4 14 14 15 15 1 16 2 23 23 23 100 14 0 15 5 5 9 9 9 23
0
8 8 8 11 11 5 5 19 7 7 7 7 12 11 11 15 19 19 19 7 7 1 12 12 15 15 5 19 23 101 1 1 1 12 18 15 5 23 23 23 4 1 0 18 18 18 21 101 21 23 4 1 13 13 18 3 21 21 21 3 9 9 9 13 13 14 14 14 2 22 0 16 16 2 17 17 14 22 22 22 10 10 16 16 6 17 17 20 22 20 10 10 100 16 6 6 17 20 20 20
101
100 8 8 8 20 100 20 17 17 101 10 10 16 16 20 20 20 22 17 17 10 10 0 16 16 22 22 22 2 17 100 12 13 13 16 4 22 3 1 3 100 12 12 13 13 4 19 1 1 1 6 6 12 18 2 19 19 19 1 9 6 6 18 18 18 21 19 21 1 9 6 6 14 18 15 21 21 21 23 9 100 14 14 15 15 11 11 23 23 23 4 4 14 0 15 11 11 5 5 23
100
6 6 8 8 8 15 101 9 9 9 12 6 16 16 15 15 21 101 21 2 12 12 0 16 16 15 21 21 21 22 4 12 14 0 16 18 3 22 22 22 4 14 14 7 18 18 18 19 22 3 10 10 14 7 7 18 19 19 19 4 10 10 1 17 17 7 7 19 23 4 0 1 1 1 17 17 7 23 23 23 11 11 1 13 13 17 101 5 5 23 11 11 1 2 13 13 101 101 5 5
101
100 6 2 15 7 7 5 5 19 101 6 6 15 15 101 7 7 19 19 19 100 12 12 15 101 7 7 21 19 21 12 12 17 17 101 13 13 21 21 21 100 14 3 17 17 5 13 13 3 22 14 14 10 10 17 5 18 22 22 22 100 14 10 10 1 18 18 18 22 4 6 16 16 1 1 1 18 2 23 4 6 6 16 16 1 4 4 23 23 23 8 8 8 16 1 9 9 9 101 23
101
11 11 0 4 4 18 3 21 101 21 11 11 16 16 18 18 18 21 21 21 101 13 13 16 16 18 19 8 8 8 5 5 13 13 16 19 19 19 3 22 0 12 12 15 7 7 19 22 22 22 12 12 15 15 7 1 2 20 22 20 7 7 0 15 1 1 1 20 20 20 7 14 17 17 0 1 6 6 23 2 14 14 6 17 17 1 6 23 23 23 100 14 6 6 17 0 9 9 9 23
101
0 16 16 9 9 9 15 7 7 101 7 7 16 16 5 15 15 21 7 21 7 11 11 16 5 18 15 21 21 21 8 11 11 0 18 18 18 5 5 22 8 0 13 13 3 18 19 22 22 22 8 12 12 13 13 19 19 19 22 4 12 12 1 3 17 17 19 2 23 4 0 1 1 1 14 17 17 23 23 23 10 10 1 14 14 20 17 20 6 23 10 10 1 2 14 20 20 20 6 6
101
4 11 11 0 17 17 101 21 101 21 4 11 11 16 16 17 17 21 21 21 0 1 6 6 16 16 17 101 23 101 1 1 1 6 15 16 19 23 23 23 5 1 5 15 15 19 19 19 2 23 5 1 5 20 15 20 19 0 22 3 9 9 9 20 20 20 22 22 22 6 2 14 8 8 8 18 100 22 6 6 14 14 13 13 18 18 18 12 12 100 100 14 3 13 13 18 12 12 4 4
100
5 5 7 101 17 17 101 13 13 101 101 7 7 7 101 17 17 101 13 13 101 15 7 7 11 11 17 21 101 21 15 15 101 23 11 11 19 21 21 21 4 15 23 23 23 19 19 19 3 22 4 1 5 5 23 3 19 22 22 22 1 1 1 16 16 20 2 20 22 2 8 1 16 16 18 20 20 20 100 14 8 1 16 18 18 18 12 12 14 14 8 9 9 9 18 12 12 4 4 14
101
20 20 20 17 17 101 101 101 101 7 20 14 20 0 17 17 101 101 7 7 14 14 0 12 12 17 19 9 9 9 5 14 12 12 18 19 19 19 3 22 5 15 5 18 18 18 19 22 22 22 15 15 5 7 18 21 2 21 22 6 4 15 7 7 1 21 21 21 6 6 4 16 16 1 1 1 4 4 23 2 11 11 16 16 1 13 13 23 23 23 11 11 0 16 1 3 13 13 101 23
101
5 10 10 14 14 14 100 6 100 6 5 10 10 15 14 18 6 6 6 6 11 11 15 15 18 18 18 20 100 20 11 11 0 15 1 18 3 20 20 20 0 16 16 1 1 1 12 12 100 22 13 13 16 16 1 12 12 22 22 22 101 13 13 16 1 2 19 2 22 5 7 7 17 17 3 19 19 19 23 5 21 7 21 17 17 4 19 23 23 23 21 21 21 101 17 4 8 8 8 23
100
7 7 14 0 4 4 1 13 13 101 7 14 14 17 17 1 1 1 13 13 11 11 14 4 17 17 1 5 5 22 11 11 15 4 18 17 1 22 22 22 0 15 15 18 18 18 3 20 22 20 6 6 15 0 18 19 2 20 20 20 6 16 16 3 19 19 19 9 9 9 6 6 16 16 21 19 21 101 23 101 6 10 10 16 21 21 21 23 23 23 100 10 10 2 8 8 8 5 5 23
101
11 11 101 17 17 5 5 19 4 4 11 11 15 3 17 17 19 19 19 8 7 15 15 16 16 17 21 19 21 8 7 7 15 1 16 16 21 21 21 8 13 13 1 1 1 16 9 9 9 22 2 13 13 1 5 5 18 22 22 22 3 12 12 1 23 18 18 18 22 6 12 12 14 23 23 23 18 100 6 6 6 14 14 4 20 23 20 100 10 10 6 6 14 4 20 20 20 2 10 10
100
100 14 0 7 7 6 6 17 17 101 14 14 3 18 7 21 6 21 17 17 100 14 18 18 18 21 21 21 5 17 4 4 15 18 2 8 8 8 5 22 6 15 15 4 13 13 3 22 22 22 6 6 15 4 1 13 13 20 22 20 100 16 16 1 1 1 19 20 20 20 100 100 16 16 1 19 19 19 23 2 100 12 12 16 1 7 19 23 23 23 12 12 5 5 7 7 9 9 9 23
0
101 11 11 17 17 5 5 7 7 101 101 11 11 3 17 17 101 21 7 21 7 7 16 16 2 17 19 21 21 21 7 14 0 16 16 19 19 19 3 22 14 14 6 6 16 18 19 22 22 22 9 14 1 6 18 18 18 4 22 5 9 1 1 1 20 18 20 4 23 5 9 15 1 8 20 20 20 23 23 23 15 15 1 8 100 12 12 13 13 23 101 15 2 8 12 12 4 4 13 13
101
10 10 17 17 101 101 101 7 101 7 10 10 14 17 17 101 7 7 7 7 9 14 14 3 17 19 101 21 101 21 9 20 14 20 19 19 19 21 21 21 9 20 20 20 1 19 5 5 22 5 12 16 16 1 1 1 22 22 22 5 12 12 16 16 1 11 11 22 2 15 8 12 18 16 1 11 11 23 15 15 8 18 18 18 13 13 23 23 23 15 8 2 18 4 4 13 13 101 23 3
101
9 9 9 15 0 8 8 8 19 101 11 11 15 15 20 0 20 19 19 19 11 11 0 15 20 20 20 21 19 21 0 12 12 0 1 13 13 21 21 21 12 12 14 1 1 1 13 13 3 22 100 14 14 4 1 2 18 22 22 22 100 6 14 4 1 18 18 18 22 5 6 6 16 16 17 17 18 2 23 5 4 10 10 16 16 17 17 23 23 23 4 10 10 100 16 3 17 5 5 23
100
13 13 5 5 7 7 101 7 11 11 101 13 13 17 17 7 7 7 11 11 101 101 15 12 17 17 101 21 101 21 9 15 15 12 12 17 19 21 21 21 9 0 15 18 12 19 19 19 3 22 9 14 18 18 18 1 19 22 22 22 14 14 100 18 1 1 1 2 22 5 8 14 16 16 0 1 20 20 23 5 8 10 10 16 16 1 20 23 23 23 8 10 10 100 16 3 20 20 2 23
101
100 12 12 14 100 18 3 8 8 8 12 12 14 14 18 18 18 21 3 21 0 16 16 14 0 18 4 21 21 21 7 7 16 16 0 19 4 9 9 9 7 1 0 16 19 19 19 2 23 101 1 1 1 6 20 19 20 23 23 23 5 1 6 6 20 20 20 7 7 23 5 1 17 17 0 4 4 22 7 15 6 13 13 17 17 22 22 22 15 15 6 6 13 13 17 2 22 5 5 15
0
101 101 11 11 101 101 101 5 5 7 101 7 11 11 17 17 5 5 7 7 7 7 13 13 2 17 17 101 19 101 0 12 12 13 13 18 17 19 19 19 12 12 16 16 18 18 18 1 19 2 100 6 100 16 16 18 1 1 1 15 6 6 14 20 16 20 8 1 15 15 100 14 14 20 20 20 8 1 23 15 10 10 14 21 3 21 8 23 23 23 10 10 3 21 21 21 9 9 9 23
101
100 6 100 14 100 18 100 20 100 20 6 6 14 14 18 18 18 20 20 20 8 10 10 14 1 18 4 21 2 21 8 10 10 1 1 1 4 21 21 21 8 16 16 3 1 9 9 9 22 3 11 11 16 16 1 6 22 22 22 15 11 11 2 16 6 6 19 22 15 15 0 12 12 17 17 19 19 19 23 15 12 12 13 13 17 17 19 23 23 23 0 5 5 13 13 17 101 5 5 23
100
0 8 8 8 1 5 5 9 9 9 0 13 13 1 1 1 21 101 21 101 11 11 13 13 1 0 21 21 21 5 11 11 14 4 1 6 6 3 22 5 0 14 14 4 18 6 22 22 22 15 10 10 14 18 18 18 19 22 15 15 10 10 4 4 18 19 19 19 23 15 12 16 16 17 17 2 19 23 23 23 12 12 16 16 17 17 20 2 20 23 100 12 100 16 0 17 20 20 20 3
100
100 100 12 17 17 8 8 8 18 2 22 22 12 12 17 17 3 18 18 18 4 22 22 12 20 17 20 21 18 21 4 22 16 16 20 20 20 21 21 21 7 7 14 16 16 9 9 9 23 101 7 14 14 5 16 3 19 23 23 23 11 11 14 5 1 19 19 19 101 23 11 11 15 1 1 1 19 101 5 5 101 15 15 4 1 13 13 101 101 7 101 101 15 4 1 2 13 13 7 7
101
100 100 16 16 2 21 101 21 7 7 100 12 12 16 16 21 21 21 19 7 12 12 15 4 16 3 1 19 19 19 0 15 15 4 23 1 1 1 19 3 8 0 15 23 23 23 1 4 4 22 8 17 17 7 7 23 1 22 22 22 8 13 17 17 7 20 2 20 22 6 13 13 14 17 18 20 20 20 6 6 13 14 14 18 18 18 100 6 10 10 5 5 14 100 18 100 6 6 10 10
100
100 4 4 16 16 100 14 14 14 100 100 6 10 10 16 16 20 14 20 100 6 6 10 10 18 16 20 20 20 2 8 8 8 18 18 18 12 12 100 22 3 1 13 13 18 12 12 22 22 22 1 1 1 13 13 2 19 3 22 5 4 1 9 9 9 19 19 19 23 5 4 1 15 17 17 101 19 23 23 23 6 15 15 7 17 17 21 101 21 23 6 6 15 7 7 17 21 21 21 101
100
100 6 100 14 100 18 3 21 101 21 6 6 14 14 18 18 18 21 21 21 100 6 100 14 5 18 19 9 9 9 6 6 16 16 5 19 19 19 3 22 100 12 12 16 16 8 19 22 22 22 12 12 13 13 16 8 2 20 22 20 7 7 15 13 13 8 1 20 20 20 7 15 15 17 17 1 1 1 23 2 10 10 15 7 17 17 1 23 23 23 10 10 7 7 101 17 1 4 4 23
100
8 3 15 17 17 6 6 100 4 4 8 15 15 12 17 17 6 4 10 10 8 2 15 12 12 17 18 4 10 10 11 11 16 16 12 18 18 18 100 22 11 11 1 16 16 100 18 22 22 22 6 1 1 1 16 20 100 20 22 5 6 6 1 7 7 20 20 20 23 5 21 21 1 7 14 3 19 23 23 23 21 13 13 14 14 19 19 19 101 23 21 21 13 13 14 2 19 9 9 9
100
8 10 10 16 16 100 6 6 6 6 8 10 10 2 16 16 20 6 20 6 8 0 15 13 13 16 20 20 20 22 0 15 15 101 13 13 18 22 22 22 7 7 15 17 17 18 18 18 22 3 9 7 12 12 17 17 18 21 2 21 9 12 12 1 3 17 19 21 21 21 9 14 1 1 1 19 19 19 23 101 14 14 4 1 11 11 19 23 23 23 100 14 4 1 11 11 101 5 5 23
100
4 4 12 12 17 17 101 7 7 101 8 12 12 16 16 17 17 21 7 21 8 7 7 1 16 16 17 21 21 21 8 7 1 1 1 16 19 9 9 9 10 10 3 1 2 19 19 19 23 101 10 10 15 1 18 3 19 23 23 23 0 15 15 18 18 18 20 2 20 23 5 5 15 14 18 6 20 20 20 22 13 13 14 14 6 6 6 22 22 22 101 13 13 14 100 6 6 100 22 100
100
100 100 14 10 10 100 20 100 20 100 12 14 14 10 10 18 20 20 20 22 12 12 14 15 18 18 18 22 22 22 7 12 15 15 5 18 19 3 22 4 7 7 0 15 5 19 19 19 23 4 6 13 13 17 17 2 19 23 23 23 6 6 13 13 17 17 4 4 1 23 6 16 16 0 21 17 21 1 1 1 6 6 16 16 21 21 21 2 1 5 8 8 8 16 3 9 9 9 1 5
100
9 9 9 23 17 17 5 5 19 101 11 11 23 23 23 17 17 19 19 19 11 11 101 15 23 7 17 21 19 21 101 13 15 15 7 7 18 21 21 21 13 13 4 15 14 18 18 18 2 22 13 1 4 14 14 100 18 22 22 22 1 1 1 3 14 20 100 20 22 6 8 1 3 16 16 20 20 20 6 6 8 1 12 12 16 16 2 6 10 10 8 12 12 4 4 16 6 6 10 10
100
0 9 9 9 1 2 11 11 7 7 8 16 16 1 1 1 11 11 19 7 8 100 16 16 1 7 7 19 19 19 8 12 12 16 1 7 15 21 19 21 12 12 17 17 3 15 15 21 21 21 4 10 10 17 17 2 15 22 6 6 4 10 10 18 17 22 22 22 23 6 100 14 18 18 18 5 22 23 23 23 14 14 6 18 20 5 20 13 13 23 100 14 6 6 20 20 20 3 13 13
0
10 10 0 15 7 7 1 8 8 8 10 10 15 15 7 1 1 1 19 2 100 12 12 15 18 2 1 19 19 19 12 12 3 18 18 18 1 22 19 101 4 16 16 3 18 22 22 22 11 11 4 6 16 16 17 17 22 4 11 11 6 6 20 16 20 17 17 4 23 101 100 14 20 20 20 5 17 23 23 23 14 14 7 13 13 5 21 101 21 23 100 14 7 7 13 13 21 21 21 101
100
7 7 5 5 1 0 13 13 4 4 7 16 16 1 1 1 0 13 13 22 11 11 16 16 1 0 15 22 22 22 11 11 0 16 1 15 15 2 22 2 0 12 17 17 6 6 15 20 3 20 9 12 12 17 17 6 19 20 20 20 9 0 12 4 17 19 19 19 23 3 9 14 8 4 18 0 19 23 23 23 14 14 8 18 18 18 21 101 21 23 100 14 8 100 18 0 21 21 21 101
101
100 12 12 4 4 15 101 101 101 101 12 12 13 13 15 15 101 21 101 21 7 7 0 13 13 15 19 21 21 21 7 16 16 17 17 19 19 19 3 22 6 6 16 16 17 17 19 22 22 22 6 1 3 16 20 17 20 4 22 5 1 1 1 7 20 20 20 4 23 5 0 1 7 7 14 100 18 23 23 23 5 1 2 14 14 18 18 18 2 23 5 8 8 8 14 100 18 9 9 9
101
0 1 0 13 13 101 101 19 7 7 1 1 1 3 13 13 19 19 19 7 0 1 11 11 17 17 101 19 23 101 6 1 11 11 5 17 17 23 23 23 6 6 16 16 5 20 17 20 12 23 4 4 14 16 16 20 20 20 12 12 8 14 14 3 16 6 6 10 10 12 8 5 14 15 2 18 6 10 10 22 8 5 15 15 18 18 18 22 22 22 9 9 9 15 2 18 4 4 22 100
100
12 100 100 100 100 18 100 100 6 100 12 12 16 16 18 18 18 6 6 6 5 12 1 16 16 18 4 4 6 6 5 1 1 1 16 8 8 8 100 22 10 10 1 3 14 3 19 22 22 22 10 10 1 14 14 19 19 19 22 15 4 11 11 2 14 20 19 20 15 15 4 11 11 17 17 20 20 20 23 15 7 13 13 101 17 17 2 23 23 23 7 7 13 13 101 17 9 9 9 23
100
7 7 5 5 17 17 101 9 9 9 7 11 11 7 7 17 17 21 101 21 101 11 11 15 7 1 17 21 21 21 101 13 15 15 1 1 1 2 22 3 13 13 0 15 4 1 22 22 22 4 13 0 16 16 4 1 3 22 23 4 0 12 12 16 16 0 19 23 23 23 12 12 100 18 16 19 19 19 5 23 100 14 18 18 18 2 19 20 5 20 14 14 14 18 8 8 8 20 20 20
101
11 11 101 15 101 19 101 9 9 9 11 11 15 15 19 19 19 21 101 21 13 13 101 15 3 19 1 21 21 21 0 13 13 17 17 1 1 1 2 22 10 10 0 14 17 17 1 22 22 22 10 10 14 14 4 17 1 7 22 4 100 12 12 14 4 18 7 7 23 4 12 12 16 16 18 18 18 23 23 23 6 6 100 16 16 18 20 2 20 23 6 8 8 8 16 100 20 20 20 3
100
4 4 20 100 20 100 8 8 8 100 16 16 20 20 20 18 6 6 10 10 4 16 16 14 18 18 18 6 10 10 4 1 16 14 14 18 12 12 100 22 1 1 1 14 15 12 12 22 22 22 0 1 2 15 15 3 19 3 22 5 21 1 21 2 15 19 19 19 23 5 21 21 21 17 17 101 19 23 23 23 7 13 13 101 17 17 11 11 7 23 7 7 13 13 101 17 11 11 7 7
100
6 6 12 12 15 7 7 20 100 20 6 12 12 15 15 7 18 20 20 20 4 8 8 8 15 18 18 18 100 22 4 13 13 16 16 2 18 22 22 22 10 10 13 13 16 16 3 21 22 21 10 10 0 1 2 16 19 21 21 21 11 11 1 1 1 19 19 19 23 101 11 11 14 1 17 17 19 23 23 23 7 14 14 1 3 17 17 5 5 23 7 7 14 9 9 9 17 101 5 5
101
100 10 10 100 14 0 19 9 9 9 4 10 10 14 14 19 19 19 2 22 4 12 12 0 14 0 19 22 22 22 12 12 0 18 17 17 3 20 22 20 8 0 18 18 18 17 17 20 20 20 8 11 11 18 0 21 17 21 3 15 8 11 11 0 1 21 21 21 15 15 16 16 0 1 1 1 5 5 23 15 6 16 16 4 1 13 13 23 23 23 6 6 16 4 1 2 13 13 101 23
100
3 8 8 8 100 6 6 100 4 4 21 21 14 100 10 10 6 100 12 12 21 14 14 100 10 10 18 12 12 2 21 21 14 6 6 18 18 18 100 22 11 11 16 16 6 100 18 22 22 22 11 11 2 16 16 20 100 20 22 4 101 13 17 17 16 20 20 20 23 4 13 13 15 17 17 3 19 23 23 23 13 15 15 7 17 19 19 19 101 23 5 5 15 7 7 101 19 9 9 9
100
100 100 8 8 8 9 9 9 5 5 10 10 16 16 17 17 101 21 101 21 10 10 14 16 16 17 17 21 21 21 0 14 14 2 16 18 17 4 4 22 11 11 14 1 18 18 18 22 22 22 11 11 1 1 1 18 19 3 22 5 101 7 7 1 4 19 19 19 23 5 101 101 7 1 4 15 19 23 23 23 101 7 13 13 15 15 20 2 20 23 7 7 101 13 13 15 20 20 20 3
101
101 13 13 9 9 9 20 100 20 100 7 7 13 13 17 17 20 20 20 22 7 12 12 15 5 17 17 22 22 22 12 12 15 15 5 21 17 21 22 5 6 6 2 15 7 21 21 21 1 5 6 16 16 7 7 2 19 1 1 1 100 14 16 16 3 19 19 19 1 4 14 14 100 16 18 3 19 23 1 4 100 14 6 18 18 18 23 23 23 4 100 6 6 100 18 8 8 8 23 4
0
100 6 6 100 14 8 8 8 100 22 10 10 6 14 14 0 19 22 22 22 10 10 12 12 14 19 19 19 22 3 0 12 12 0 17 17 19 20 3 20 5 9 9 9 15 17 17 20 20 20 5 16 16 15 15 4 17 21 2 21 13 13 16 16 15 4 1 21 21 21 101 13 13 16 18 1 1 1 23 101 101 11 11 18 18 18 1 23 23 23 101 11 11 2 18 0 1 5 5 23
100
4 4 13 13 6 6 0 20 100 20 8 11 11 13 13 6 1 20 20 20 8 11 11 17 17 1 1 1 5 5 8 12 12 5 17 17 1 21 3 21 12 12 14 5 18 17 1 21 21 21 100 14 14 18 18 18 3 22 2 15 6 6 14 7 18 22 22 22 15 15 6 16 16 7 7 19 22 2 23 15 10 10 16 16 19 19 19 23 23 23 10 10 100 16 0 19 9 9 9 23
100
100 100 16 16 17 17 5 5 23 2 100 100 6 16 16 17 17 23 23 23 100 6 6 20 16 20 17 3 1 23 100 100 6 20 20 20 19 1 1 1 100 6 6 100 14 19 19 19 1 9 100 10 10 14 14 21 19 21 1 9 100 10 10 100 14 21 21 21 22 9 100 100 12 12 18 3 22 22 22 15 100 12 12 18 18 18 2 22 15 15 4 4 4 4 18 100 8 8 8 15
100
100 100 12 12 6 100 6 4 4 22 100 12 12 6 6 6 6 22 22 22 10 10 16 16 100 20 100 20 22 4 10 10 14 16 16 20 20 20 1 4 5 14 14 2 16 2 19 1 1 1 5 15 14 7 7 19 19 19 1 8 15 15 0 18 7 21 19 21 1 8 17 15 18 18 18 21 21 21 23 8 17 17 3 18 3 13 13 23 23 23 101 17 17 9 9 9 13 13 101 23
100
100 6 100 12 12 8 8 8 1 3 6 6 12 12 20 100 20 1 1 1 7 16 16 3 20 20 20 7 1 2 7 7 16 16 11 11 7 7 1 22 10 10 0 16 11 11 19 22 22 22 10 10 17 17 2 19 19 19 22 14 9 9 9 17 17 21 19 21 14 14 101 15 101 101 17 21 21 21 23 14 15 15 101 5 5 13 13 23 23 23 101 15 101 101 5 5 13 13 101 23
101
5 11 11 101 15 7 7 21 101 21 5 11 11 15 15 7 19 21 21 21 6 6 12 12 15 19 19 19 2 22 6 12 12 17 17 101 19 22 22 22 100 8 4 4 17 17 3 1 22 2 100 8 13 13 0 17 1 1 1 14 4 8 0 13 13 18 3 1 14 14 4 16 16 0 18 18 18 1 23 14 10 10 16 16 20 18 20 23 23 23 10 10 100 16 20 20 20 5 5 23
100
100 12 12 100 100 100 6 100 100 22 12 12 16 16 100 6 6 22 22 22 7 7 0 16 16 20 100 20 22 4 7 13 13 2 16 20 20 20 23 4 10 10 13 13 19 4 4 23 23 23 10 10 14 19 19 19 15 3 1 23 100 14 14 3 19 15 15 1 1 1 100 100 14 18 2 21 15 21 1 5 100 6 18 18 18 21 21 21 1 5 6 6 100 18 8 8 8 9 9 9
100
11 11 13 13 0 7 7 20 100 20 11 11 0 13 13 1 7 20 20 20 0 12 12 15 1 1 1 21 3 21 12 12 15 15 2 1 3 21 21 21 6 6 14 15 18 1 9 9 9 22 6 14 14 18 18 18 19 22 22 22 100 100 14 4 18 19 19 19 22 5 8 16 16 4 17 17 19 2 23 5 8 100 16 16 6 17 17 23 23 23 8 4 4 16 6 6 17 5 5 23
101
7 7 13 13 17 17 101 7 7 101 7 16 16 13 13 17 17 21 7 21 5 5 16 16 2 18 17 21 21 21 10 10 0 16 18 18 18 4 4 22 10 10 1 0 20 18 20 22 22 22 0 1 1 1 20 20 20 19 22 8 11 11 1 9 9 9 19 19 19 8 11 11 1 3 14 3 15 19 23 8 0 12 12 14 14 15 15 23 23 23 12 12 4 4 14 2 15 5 5 23
101
21 21 12 12 2 18 100 8 8 8 21 12 12 1 18 18 18 4 10 10 21 21 1 1 1 18 6 4 10 10 11 11 4 1 17 17 6 6 100 22 11 11 4 1 3 17 17 22 22 22 0 14 16 16 6 6 17 20 22 20 14 14 0 16 16 6 19 20 20 20 0 14 15 0 16 19 19 19 23 3 7 15 15 13 13 2 19 23 23 23 7 7 15 101 13 13 9 9 9 23
100
10 10 0 17 17 5 5 1 4 4 10 10 12 12 17 17 1 1 1 15 0 12 12 0 18 17 0 1 15 15 0 16 16 18 18 18 20 1 20 15 7 7 16 16 18 0 20 20 20 22 7 13 13 16 0 19 0 22 22 22 5 5 13 13 19 19 19 3 22 3 8 8 8 14 21 19 21 2 23 2 11 11 14 14 21 21 21 23 23 23 11 11 0 14 4 4 9 9 9 23
101
9 9 9 16 16 100 4 4 22 100 0 12 12 15 16 16 22 22 22 4 12 12 15 15 20 16 20 22 23 4 8 8 8 15 20 20 20 23 23 23 13 13 2 17 17 2 21 3 21 23 101 13 13 18 17 17 21 21 21 101 11 11 18 18 18 17 101 101 5 5 11 11 14 18 3 19 101 101 5 5 7 14 14 6 19 19 19 101 101 7 7 7 14 6 6 19 101 101 7 7
101
12 16 16 17 17 7 7 20 100 20 12 12 16 16 17 17 7 20 20 20 5 12 14 16 2 17 1 9 9 9 5 14 14 100 18 1 1 1 2 22 11 11 14 18 18 18 1 22 22 22 11 11 13 13 18 3 1 19 22 8 101 101 7 13 13 4 19 19 19 8 101 7 7 15 21 4 21 19 23 8 101 101 15 15 21 21 21 23 23 23 101 101 101 15 101 101 3 5 5 23
101
100 4 4 10 10 6 6 6 6 100 100 16 16 10 10 18 6 20 6 20 100 14 16 16 18 18 18 20 20 20 14 14 0 16 0 18 21 3 21 3 0 14 15 0 1 0 21 21 21 22 12 15 15 1 1 1 2 22 22 22 12 12 15 0 1 0 19 2 22 5 8 12 17 17 1 19 19 19 23 5 8 13 13 17 17 4 19 23 23 23 8 0 13 13 17 4 9 9 9 23
100
11 11 13 13 5 5 8 8 8 22 11 11 0 13 13 19 3 22 22 22 9 16 16 0 19 19 19 5 22 100 9 0 16 16 0 19 20 5 20 4 9 12 12 16 0 1 20 20 20 4 12 12 17 17 1 1 1 21 2 21 100 14 0 17 17 1 2 21 21 21 14 14 0 18 17 1 15 3 23 101 6 14 18 18 18 15 15 23 23 23 6 6 100 18 4 4 15 101 101 23
101
13 13 101 7 7 1 5 5 18 100 101 13 13 7 1 1 1 18 18 18 9 9 9 15 3 1 3 21 18 21 11 11 15 15 4 1 19 21 21 21 11 11 14 15 4 19 19 19 2 22 6 14 14 17 17 2 19 22 22 22 6 6 14 5 17 17 4 4 22 100 100 16 16 5 20 17 20 100 12 12 10 10 16 16 20 20 20 12 12 100 10 10 100 16 100 100 8 8 8 100
100
10 10 4 4 1 3 13 13 5 5 10 10 14 1 1 1 2 13 13 22 100 14 14 8 1 17 17 22 22 22 6 6 14 8 1 15 17 17 22 3 6 16 16 8 15 15 20 17 20 9 100 6 16 16 0 15 20 20 20 9 6 6 100 16 2 19 4 4 23 9 100 12 12 18 19 19 19 23 23 23 12 12 18 18 18 19 21 101 21 23 100 100 100 18 5 5 21 21 21 101
100
11 11 101 15 2 9 9 9 19 101 11 11 15 15 16 16 2 19 19 19 13 13 101 15 23 16 16 21 19 21 8 13 13 23 23 23 16 21 21 21 8 0 17 17 3 23 14 5 5 22 8 12 12 17 17 14 14 22 22 22 12 12 1 0 17 20 14 20 22 6 0 1 1 1 18 20 20 20 6 6 10 10 1 18 18 18 100 4 4 6 10 10 1 3 18 100 4 4 6 6
100
6 6 10 10 6 6 9 9 9 22 6 1 10 10 15 6 18 22 22 22 1 1 1 15 15 18 18 18 22 2 5 1 11 11 15 7 18 21 3 21 5 1 11 11 7 7 19 21 21 21 12 16 16 17 17 19 19 19 7 7 12 12 16 16 17 17 19 2 23 7 100 12 14 16 20 17 20 23 23 23 100 14 14 100 20 20 20 13 13 23 4 4 14 4 4 8 8 8 13 13
100
5 5 17 17 0 20 100 20 10 10 8 8 8 17 17 20 20 20 10 10 11 11 0 18 17 7 7 21 2 21 11 11 18 18 18 19 7 21 21 21 0 13 13 18 19 19 19 4 4 22 0 12 13 13 1 19 3 22 22 22 5 12 12 1 1 1 16 16 22 4 5 15 12 14 1 16 16 3 23 4 15 15 14 14 1 16 2 23 23 23 101 15 0 14 0 9 9 9 101 23
101
6 6 7 7 20 100 20 2 19 101 6 17 17 7 20 20 20 19 19 19 10 10 17 17 13 13 5 5 19 22 10 10 0 17 1 13 13 22 22 22 6 6 15 1 1 1 18 3 22 14 6 15 15 5 1 18 18 18 14 14 11 11 15 5 1 3 18 2 23 14 11 11 16 16 9 9 9 23 23 23 0 12 12 16 16 4 21 101 21 23 12 12 4 4 16 4 21 21 21 101
0
7 13 13 17 17 6 6 9 9 9 7 7 13 13 17 17 6 21 101 21 11 11 0 1 0 17 18 21 21 21 11 11 1 1 1 18 18 18 3 22 8 8 8 1 0 15 18 22 22 22 12 16 16 1 15 15 2 19 22 2 12 12 16 16 0 15 19 19 19 4 100 12 14 16 20 3 20 19 23 4 6 14 14 7 20 20 20 23 23 23 6 6 14 7 7 5 5 4 4 23
101
10 10 100 100 100 18 100 8 8 8 10 10 16 16 18 18 18 100 2 22 5 11 11 16 16 18 100 22 22 22 5 11 11 1 16 20 100 20 22 4 13 13 1 1 1 20 20 20 23 4 4 13 13 1 2 15 5 23 23 23 4 12 12 1 15 15 5 19 3 23 12 12 14 17 17 15 19 19 19 9 6 14 14 7 17 17 21 19 21 9 6 6 14 7 7 17 21 21 21 9
100
10 10 0 17 17 2 20 100 20 4 10 10 13 13 17 17 20 20 20 4 6 6 1 13 13 17 18 8 8 8 6 1 1 1 0 18 18 18 100 22 11 11 1 16 16 3 18 22 22 22 11 11 1 14 16 16 3 21 22 21 4 4 14 14 2 16 19 21 21 21 9 12 0 14 15 19 19 19 23 101 9 12 12 15 15 7 19 23 23 23 9 0 12 0 15 7 7 5 5 23
100
100 8 8 8 17 17 101 101 5 5 100 16 16 6 6 17 17 21 101 21 2 14 16 16 6 1 17 21 21 21 14 14 2 16 1 1 1 3 22 9 4 14 12 12 5 1 22 22 22 9 4 12 12 18 5 1 4 22 23 9 11 11 18 18 18 19 4 23 23 23 11 11 15 18 19 19 19 7 7 23 101 15 15 13 13 19 101 7 3 7 101 101 15 101 13 13 101 101 7 7
101
7 7 13 13 8 8 8 1 5 5 7 11 11 13 13 18 1 1 1 14 101 11 11 0 18 18 18 1 14 14 101 15 17 17 3 18 21 1 21 14 15 15 0 17 17 2 21 21 21 22 0 15 12 12 17 19 3 22 22 22 0 12 12 0 19 19 19 4 22 5 0 16 16 2 20 19 20 4 23 5 10 10 16 16 20 20 20 23 23 23 10 10 100 16 4 4 9 9 9 23
101
100 12 12 13 13 9 9 9 19 101 12 12 1 3 13 13 22 19 19 19 5 1 1 1 22 22 22 20 19 20 5 7 1 4 4 22 18 20 20 20 7 7 1 16 16 18 18 18 23 2 10 10 16 16 11 11 18 23 23 23 10 10 16 2 11 11 21 3 21 23 100 14 0 15 17 17 21 21 21 101 14 14 15 15 101 17 17 5 5 7 100 14 0 15 101 101 17 101 7 7
101
0 11 11 2 17 17 101 101 101 7 4 11 11 16 16 17 17 101 7 7 4 12 13 13 16 16 17 21 101 21 5 12 12 13 13 16 19 21 21 21 5 1 12 3 18 19 19 19 5 5 1 1 1 18 18 18 19 3 22 8 0 1 7 7 18 15 22 22 22 8 6 1 7 14 15 15 2 22 23 8 6 6 14 14 20 15 20 23 23 23 9 9 9 14 20 20 20 4 4 23
101
100 4 4 4 4 20 100 20 100 6 100 100 12 12 15 20 20 20 6 6 100 12 12 15 15 8 8 8 100 22 10 10 5 5 15 2 19 22 22 22 10 10 1 16 16 19 19 19 22 2 0 1 1 1 16 16 19 21 3 21 6 6 1 5 5 16 18 21 21 21 6 14 1 17 17 18 18 18 23 101 14 14 13 13 17 17 18 23 23 23 100 14 3 13 13 17 9 9 9 23
100
100 12 12 4 4 20 100 20 10 10 12 12 14 17 17 20 20 20 10 10 7 14 14 0 17 17 2 21 2 21 7 7 14 15 4 17 18 21 21 21 13 13 15 15 4 18 18 18 3 22 0 13 13 15 1 0 18 22 22 22 8 8 8 1 1 1 19 3 22 5 100 16 16 0 1 19 19 19 23 5 100 6 16 16 1 0 19 23 23 23 6 6 100 16 0 9 9 9 101 23
100
4 4 12 12 13 13 101 7 7 101 9 12 12 0 1 13 13 21 7 21 9 0 15 1 1 1 18 21 21 21 9 15 15 4 1 18 18 18 3 22 11 11 15 4 1 6 18 22 22 22 11 11 16 16 6 6 19 2 22 5 0 14 0 16 16 19 19 19 23 5 14 14 17 17 16 2 19 23 23 23 100 14 0 17 17 20 3 20 7 23 100 8 8 8 17 20 20 20 7 7
101
10 10 8 8 8 18 4 4 19 101 10 10 14 2 18 18 18 19 19 19 100 14 14 6 6 18 5 21 19 21 100 100 14 20 6 20 5 21 21 21 12 16 16 20 20 20 1 9 9 9 12 12 16 16 3 1 1 1 23 101 4 12 15 16 7 7 1 23 23 23 4 15 15 17 17 7 1 3 22 23 13 13 15 7 17 17 22 22 22 6 101 13 13 7 7 17 2 22 6 6
100
100 100 4 4 6 6 2 21 101 21 6 16 16 100 20 6 20 21 21 21 6 6 16 16 20 20 20 9 9 9 13 13 0 16 19 14 14 14 2 22 0 13 13 19 19 19 14 22 22 22 12 17 17 0 19 1 4 4 22 15 12 12 17 17 1 1 1 7 15 15 100 12 18 17 5 1 7 7 23 15 100 18 18 18 5 1 3 23 23 23 100 100 18 3 8 8 8 5 5 23
100
10 10 0 23 16 16 2 9 9 9 10 10 23 23 23 16 16 21 101 21 100 14 4 12 23 5 16 21 21 21 14 14 4 12 12 5 19 15 15 15 4 14 17 17 12 19 19 19 15 22 4 1 2 17 17 3 19 22 22 22 1 1 1 13 17 20 3 20 22 6 0 1 13 13 18 20 20 20 6 6 5 1 13 18 18 18 100 100 100 6 5 8 8 8 18 100 100 100 6 6
100
10 10 0 17 17 0 20 100 20 4 10 10 14 5 17 17 20 20 20 4 0 14 14 5 18 17 3 21 3 21 8 0 14 18 18 18 19 21 21 21 8 0 13 13 18 19 19 19 2 22 8 16 16 13 13 1 19 22 22 22 11 11 16 16 1 1 1 7 22 5 11 11 0 16 15 1 7 7 23 5 0 12 12 15 15 1 2 23 23 23 12 12 4 4 15 0 9 9 9 23
101
8 100 14 17 17 6 6 100 4 4 8 14 14 12 17 17 6 4 10 10 8 3 14 12 12 17 18 4 10 10 11 11 16 16 12 18 18 18 2 22 11 11 1 16 16 100 18 22 22 22 6 1 1 1 16 20 100 20 22 5 6 6 1 7 7 20 20 20 23 5 21 21 1 7 15 2 19 23 23 23 21 13 13 15 15 19 19 19 3 23 21 21 13 13 15 101 19 9 9 9
100
9 0 12 12 6 6 15 101 101 101 9 12 12 18 6 15 15 101 101 101 9 0 18 18 18 21 15 21 101 101 8 13 13 18 3 21 21 21 5 5 8 0 13 13 19 6 6 17 17 101 8 16 16 19 19 19 6 22 17 17 11 11 16 16 19 22 22 22 3 17 11 11 14 16 7 7 22 2 23 2 7 14 14 5 20 7 20 23 23 23 7 7 14 5 20 20 20 4 4 23
101
8 8 8 12 12 19 101 7 7 101 0 7 12 12 19 19 19 21 7 21 7 7 17 17 2 19 101 21 21 21 0 16 16 17 17 5 9 9 9 22 10 10 16 16 17 5 1 22 22 22 10 10 3 16 18 1 1 1 22 15 13 13 2 18 18 18 1 5 15 15 101 13 13 14 18 4 1 5 23 15 11 11 14 14 20 4 20 23 23 23 11 11 3 14 20 20 20 4 4 23
101
6 6 14 0 17 17 9 9 9 22 6 14 14 6 6 17 17 22 22 22 100 100 14 6 18 2 17 1 22 2 8 8 8 18 18 18 1 1 1 7 11 11 16 16 18 7 7 1 7 7 11 11 0 16 16 7 20 1 20 3 0 12 12 15 16 19 20 20 20 4 12 12 15 15 19 19 19 3 23 4 0 13 13 15 21 19 21 23 23 23 4 4 13 13 21 21 21 5 5 23
101
0 11 11 16 16 5 5 8 8 8 0 11 11 1 16 16 21 2 21 5 6 6 1 1 1 16 21 21 21 5 6 7 3 1 17 17 9 9 9 22 7 7 15 1 14 17 17 22 22 22 2 15 15 14 14 4 17 20 22 20 10 10 15 18 14 4 19 20 20 20 10 10 18 18 18 19 19 19 23 3 100 12 12 18 13 13 19 23 23 23 12 12 100 4 4 13 13 101 101 23
0
8 8 8 16 16 100 100 100 4 4 100 12 12 6 16 16 100 100 10 10 12 12 15 6 6 16 18 100 10 10 4 15 15 17 17 18 18 18 100 22 4 21 15 21 17 17 18 22 22 22 9 21 21 21 6 17 19 3 22 5 9 0 1 6 6 19 19 19 23 5 9 1 1 1 14 3 19 23 23 23 11 11 1 14 14 20 2 20 7 23 11 11 1 2 14 20 20 20 7 7
100
9 9 9 14 17 17 101 7 7 101 101 13 14 14 4 17 17 21 7 21 13 13 1 14 4 18 17 21 21 21 13 1 1 1 18 18 18 5 5 22 10 10 1 6 6 18 5 22 22 22 10 10 1 6 15 20 5 20 22 4 100 12 12 15 15 20 20 20 23 4 12 12 16 16 15 2 19 23 23 23 6 6 2 16 16 19 19 19 7 23 6 8 8 8 16 3 19 7 7 3
100
10 10 9 9 9 21 101 21 7 7 10 10 17 17 0 21 21 21 19 7 100 12 12 17 17 0 1 19 19 19 12 12 11 11 17 1 1 1 19 15 6 6 11 11 18 2 1 5 15 15 6 13 13 18 18 18 1 5 22 15 4 4 13 13 18 14 22 22 22 3 8 16 16 0 14 14 2 22 23 3 8 6 16 16 20 14 20 23 23 23 8 6 6 16 20 20 20 5 5 23
100
100 100 4 4 18 3 9 15 15 15 100 100 6 18 18 18 9 21 15 21 100 6 6 14 18 19 9 21 21 21 100 100 14 14 19 19 19 3 23 101 100 100 100 14 2 19 22 23 23 23 100 6 16 16 22 22 22 17 17 23 6 6 100 16 16 22 2 1 17 17 100 8 8 8 16 4 1 1 1 17 100 100 12 12 20 4 20 1 10 10 100 12 12 100 20 20 20 1 10 10
100
6 9 9 9 17 17 3 20 100 20 6 6 1 16 16 17 17 20 20 20 12 1 1 1 16 16 17 2 22 100 12 12 1 13 13 16 22 22 22 4 0 12 1 5 13 13 2 22 23 4 7 7 14 5 15 0 19 23 23 23 7 14 14 15 15 19 19 19 101 23 5 5 14 0 15 18 19 21 101 21 10 10 11 11 18 18 18 21 21 21 10 10 11 11 0 18 3 8 8 8
101
8 8 8 14 6 6 4 4 18 2 10 10 14 14 20 6 20 18 18 18 10 10 22 14 20 20 20 21 18 21 22 22 22 15 6 6 19 21 21 21 9 22 15 15 6 19 19 19 7 3 9 11 11 15 17 17 19 7 7 7 9 11 11 2 1 17 17 5 7 7 12 16 16 1 1 1 17 5 23 101 12 12 16 16 1 13 13 23 23 23 100 12 100 16 1 3 13 13 101 23
0
6 6 17 17 101 21 101 21 4 4 6 13 13 17 17 21 21 21 22 8 12 0 13 13 17 18 22 22 22 8 12 12 0 15 18 18 18 22 1 8 4 12 15 15 0 18 2 1 1 1 4 16 16 15 20 3 20 3 1 9 10 10 16 16 20 20 20 7 1 9 10 10 14 16 2 19 7 7 23 9 6 14 14 7 19 19 19 23 23 23 6 6 14 7 7 19 101 5 5 23
100
6 6 12 12 15 5 5 21 101 21 6 12 12 15 15 17 17 21 21 21 11 11 7 7 15 3 17 17 7 7 11 11 1 7 0 14 20 17 20 7 0 1 1 1 14 14 20 20 20 22 10 10 1 0 18 14 3 22 22 22 10 10 1 18 18 18 19 2 22 4 6 16 16 0 18 19 19 19 23 4 6 6 16 16 13 13 19 23 23 23 8 8 8 16 2 13 13 5 5 23
100
100 12 12 100 4 4 9 9 9 22 12 12 6 16 16 17 17 22 22 22 100 6 6 100 16 16 17 17 22 4 8 100 14 100 18 16 2 17 1 4 8 14 14 18 18 18 19 1 1 1 8 0 14 0 18 19 19 19 1 3 11 11 0 15 0 21 19 21 1 5 11 11 15 15 2 21 21 21 23 5 7 13 13 15 20 3 20 23 23 23 7 7 13 13 20 20 20 5 5 23
101
6 6 12 12 0 15 5 8 8 8 6 12 12 14 15 15 5 20 100 20 10 10 14 14 4 15 19 20 20 20 10 10 7 14 4 19 19 19 2 22 0 7 7 16 16 2 19 22 22 22 6 6 11 11 16 16 3 21 22 21 6 1 11 11 3 16 18 21 21 21 1 1 1 17 17 18 18 18 23 101 5 1 13 13 17 17 18 23 23 23 5 1 0 13 13 17 9 9 9 23
100
5 9 9 9 1 5 5 8 8 8 5 13 13 1 1 1 20 3 20 100 11 11 13 13 1 0 20 20 20 22 11 11 6 6 1 12 12 22 22 22 0 14 6 15 12 12 0 19 22 3 14 14 15 15 0 18 19 19 19 4 4 14 0 15 18 18 18 19 23 4 4 16 16 17 17 18 2 23 23 23 10 10 16 16 17 17 21 2 21 23 10 10 100 16 0 17 21 21 21 101
100
100 12 12 100 22 6 6 20 100 20 12 12 22 22 22 18 6 20 20 20 13 13 2 22 18 18 18 21 3 21 4 13 13 1 3 18 15 21 21 21 4 14 1 1 1 15 15 7 7 7 14 14 5 1 11 11 15 7 7 7 4 14 5 1 11 11 19 9 9 9 4 16 16 17 17 19 19 19 23 101 10 10 16 16 17 17 19 23 23 23 10 10 100 16 2 17 101 5 5 23
101
101 11 11 2 20 100 20 17 17 101 9 11 11 15 20 20 20 1 17 17 9 3 15 15 7 7 1 1 1 17 9 12 12 15 7 19 2 1 6 6 12 12 16 16 19 19 19 1 6 22 100 10 10 16 16 19 4 22 22 22 100 10 10 18 16 21 4 21 22 5 100 14 18 18 18 21 21 21 23 5 14 14 4 18 3 13 13 23 23 23 100 14 4 8 8 8 13 13 101 23
100
5 5 1 2 16 16 4 4 19 101 12 1 1 1 13 16 16 19 19 19 12 12 1 13 13 23 16 21 19 21 0 12 1 13 23 23 23 21 21 21 0 15 4 8 8 8 23 5 5 22 15 15 4 14 20 3 20 22 22 22 101 15 14 14 20 20 20 100 22 6 101 17 17 14 3 18 100 100 6 6 11 11 17 17 18 18 18 6 10 10 11 11 101 17 2 18 6 6 10 10
100
0 5 5 17 17 4 4 9 9 9 14 14 14 0 17 17 20 2 20 4 0 14 1 7 7 17 20 20 20 4 12 1 1 1 7 18 2 21 3 21 12 12 1 0 18 18 18 21 21 21 0 12 1 0 15 18 5 5 22 8 0 13 13 15 15 0 22 22 22 8 16 16 13 13 15 19 3 22 23 8 6 16 16 6 19 19 19 23 23 23 6 6 16 6 6 19 101 101 101 23
100
7 7 101 17 17 101 21 101 21 2 7 7 11 11 17 17 21 21 21 22 7 7 11 11 20 17 20 22 22 22 9 13 13 0 20 20 20 1 22 3 9 5 13 13 0 18 1 1 1 15 9 5 16 16 18 18 18 1 15 15 0 12 12 16 16 18 4 1 23 15 12 12 100 14 16 19 4 23 23 23 4 4 14 14 19 19 19 10 10 23 8 8 8 14 0 19 3 10 10 2
101
16 16 0 9 9 9 20 100 20 4 0 16 16 3 1 3 20 20 20 4 11 11 16 1 1 1 12 12 100 22 11 11 7 7 1 12 12 22 22 22 14 14 14 7 1 21 2 21 22 15 100 14 0 18 2 21 21 21 15 15 6 6 18 18 18 8 8 8 23 15 6 17 17 18 6 6 19 23 23 23 13 13 17 17 6 19 19 19 7 23 101 13 13 17 5 5 19 7 7 101
101
101 7 7 101 15 20 100 20 7 7 13 13 7 15 15 20 20 20 5 7 9 13 13 18 15 6 6 21 5 21 9 12 18 18 18 19 6 21 21 21 9 12 12 18 19 19 19 4 4 22 0 14 12 5 5 19 1 22 22 22 14 14 0 17 17 1 1 1 22 2 100 14 16 16 17 17 1 3 23 2 4 10 10 16 16 17 1 23 23 23 4 10 10 100 16 3 8 8 8 23
100
