9 9 9 14 14 14 8 8 8 22 0 16 16 0 14 13 13 22 22 22 6 6 16 16 17 17 13 13 22 3 6 11 11 16 7 17 17 20 3 20 4 11 11 7 7 18 17 20 20 20 4 12 12 7 18 18 18 21 2 21 12 12 1 7 7 18 19 21 21 21 0 1 1 1 15 19 19 19 23 101 10 10 1 15 15 101 19 23 23 23 10 10 1 2 15 5 5 5 5 23
101
100 12 12 14 17 17 101 9 9 9 12 12 14 14 5 17 17 21 101 21 10 10 100 14 5 18 17 21 21 21 10 10 16 16 18 18 18 5 5 22 7 7 1 16 16 18 2 22 22 22 7 1 1 1 16 0 19 2 22 4 11 11 1 6 6 19 19 19 23 4 11 11 1 6 15 3 19 23 23 23 7 13 13 15 15 20 3 20 6 23 7 7 13 13 15 20 20 20 6 6
101
100 12 12 8 8 8 20 100 20 100 12 12 15 16 16 100 20 20 20 2 3 15 15 7 16 16 4 4 10 10 21 21 15 7 7 16 18 100 10 10 21 6 6 17 17 18 18 18 100 22 21 21 6 1 17 17 18 22 22 22 11 11 1 1 1 17 19 3 22 4 11 11 14 1 2 19 19 19 23 4 6 14 14 1 13 13 19 23 23 23 6 6 14 5 5 13 13 5 5 23
100
4 4 12 12 18 7 7 21 101 21 100 12 12 18 18 18 7 21 21 21 100 6 100 14 18 19 4 4 23 101 6 6 14 14 19 19 19 23 23 23 100 16 16 14 20 19 20 3 1 23 6 6 16 16 20 20 20 1 1 1 6 11 11 16 9 9 9 22 1 3 0 11 11 17 17 22 22 22 1 15 10 10 13 13 17 17 22 2 15 15 10 10 2 13 13 17 8 8 8 15
100
9 3 14 100 100 100 6 8 8 8 9 14 14 100 18 6 6 100 100 22 9 15 14 18 18 18 100 22 22 22 15 15 5 5 18 20 100 20 22 5 0 15 16 16 3 20 20 20 23 5 0 12 12 16 16 13 13 23 23 23 12 12 6 6 16 19 13 13 1 23 2 17 17 6 19 19 19 1 1 1 10 10 17 17 21 19 21 4 1 4 10 10 2 17 21 21 21 4 1 4
100
10 10 6 6 8 8 8 21 101 21 10 10 14 6 17 17 2 21 21 21 12 14 14 16 16 17 17 11 11 101 12 12 14 7 16 16 17 11 11 101 4 12 7 7 5 16 19 101 101 101 4 1 13 13 5 19 19 19 5 5 1 1 1 13 13 18 19 9 9 9 0 1 2 15 18 18 18 3 23 101 7 1 15 15 20 18 20 23 23 23 7 7 3 15 20 20 20 4 4 23
101
10 10 5 5 19 13 13 9 9 9 10 10 14 19 19 19 13 13 22 3 0 14 14 4 19 1 22 22 22 4 21 21 14 4 1 1 1 22 23 4 21 0 17 17 3 1 2 23 23 23 21 21 0 17 17 1 5 16 16 23 101 15 0 18 17 20 5 20 16 16 15 15 18 18 18 20 20 20 6 16 0 15 2 18 100 12 12 6 6 6 0 8 8 8 12 12 100 100 6 6
100
10 10 6 6 9 9 9 17 17 101 10 10 14 6 15 3 1 2 17 17 0 14 14 15 15 1 1 1 18 17 13 13 14 4 15 5 1 18 18 18 5 13 13 4 19 5 1 7 18 100 5 12 12 19 19 19 7 7 22 8 12 12 0 20 19 20 22 22 22 8 4 16 16 20 20 20 3 22 23 8 4 6 16 16 21 2 21 23 23 23 6 6 100 16 21 21 21 101 101 23
100
4 8 8 8 15 0 1 9 9 9 4 16 16 15 15 1 1 1 18 3 7 7 16 16 15 2 1 18 18 18 7 13 13 16 0 19 1 21 18 21 10 10 13 13 19 19 19 21 21 21 10 10 17 17 0 19 3 22 2 14 100 12 12 17 17 22 22 22 14 14 12 12 23 0 17 5 22 100 100 14 6 23 23 23 20 5 20 4 4 6 6 6 0 23 20 20 20 100 6 6
100
10 10 8 8 8 6 100 6 4 4 10 10 16 16 6 6 6 6 22 9 100 100 100 16 16 2 22 22 22 9 100 100 4 4 16 18 3 22 23 9 100 12 12 14 18 18 18 23 23 23 12 12 14 14 20 18 20 17 17 23 13 13 0 14 20 20 20 1 17 17 101 13 13 15 0 19 1 1 1 17 11 11 15 15 19 19 19 1 7 7 11 11 101 15 101 19 2 1 3 7
100
100 6 3 9 9 9 101 21 101 21 6 6 14 3 15 17 17 21 21 21 12 14 14 15 15 4 17 17 7 7 12 12 14 7 15 4 20 17 20 7 5 12 1 7 7 18 20 20 20 22 5 1 1 1 18 18 18 22 22 22 11 11 1 4 4 18 19 2 22 5 11 11 1 16 16 19 19 19 23 5 10 10 13 13 16 16 19 23 23 23 10 10 2 13 13 16 8 8 8 23
101
6 6 16 16 12 12 4 8 8 8 6 16 16 12 12 18 4 21 3 21 100 16 0 1 18 18 18 21 21 21 100 14 1 1 1 18 4 4 22 5 14 14 3 1 2 19 22 22 22 5 0 14 6 1 19 19 19 22 2 15 5 6 6 7 7 19 7 7 15 15 5 17 17 7 13 13 101 7 23 15 11 11 17 17 101 13 13 23 23 23 11 11 101 17 101 101 9 9 9 23
101
6 6 1 0 8 8 8 20 100 20 6 1 1 1 15 17 17 20 20 20 5 5 1 15 15 2 17 17 7 7 10 10 1 0 15 18 2 17 7 22 10 10 14 12 18 18 18 22 22 22 0 14 14 12 12 18 3 21 22 21 11 11 14 0 12 3 19 21 21 21 11 11 16 16 0 19 19 19 23 101 7 13 13 16 16 4 19 23 23 23 7 7 13 13 16 4 9 9 9 23
101
100 100 14 6 6 13 13 7 7 3 100 14 14 6 17 17 13 13 7 22 100 100 14 5 5 17 17 22 22 22 100 12 12 11 11 0 17 20 22 20 12 12 1 11 11 18 2 20 20 20 6 1 1 1 18 18 18 2 23 3 6 6 1 0 15 18 19 23 23 23 16 16 1 15 15 19 19 19 5 23 100 16 16 4 15 0 19 21 5 21 4 4 16 4 8 8 8 21 21 21
100
6 6 13 13 0 6 6 2 1 2 6 11 11 13 13 18 6 1 1 1 12 11 11 0 18 18 18 4 1 5 12 12 17 17 0 18 19 4 1 5 100 12 0 17 17 19 19 19 3 22 100 14 16 16 17 0 19 22 22 22 14 14 5 16 16 20 3 20 22 4 7 14 5 15 16 20 20 20 23 4 7 7 15 15 21 0 21 23 23 23 9 9 9 15 21 21 21 101 101 23
101
10 10 100 8 3 1 9 9 9 22 10 10 14 8 1 1 1 22 22 22 100 14 14 8 15 1 6 6 22 4 6 6 14 15 15 1 20 6 20 4 6 16 16 2 15 18 20 20 20 5 5 5 16 16 18 18 18 3 23 5 12 7 7 16 2 18 19 23 23 23 12 12 7 17 17 19 19 19 101 23 100 12 13 13 17 17 19 21 101 21 100 4 4 13 13 17 101 21 21 21
100
100 12 5 5 17 17 101 101 19 101 6 12 12 16 16 17 17 19 19 19 6 6 12 5 16 16 17 2 19 22 8 8 8 5 15 16 18 22 22 22 0 13 13 15 15 18 18 18 22 2 0 6 13 13 15 1 18 21 3 21 6 6 14 9 1 1 1 21 21 21 0 14 14 9 0 1 0 3 23 101 11 11 14 9 20 1 20 23 23 23 11 11 4 4 20 20 20 4 4 23
100
101 7 101 15 6 6 20 100 20 4 7 7 15 15 6 18 20 20 20 4 101 7 7 15 18 18 18 100 12 12 9 7 1 16 16 18 100 12 12 100 9 1 1 1 16 16 8 8 8 22 9 13 1 11 11 16 3 22 22 22 13 13 1 11 11 2 19 2 22 4 13 0 14 17 17 19 19 19 23 4 3 14 14 6 17 17 19 23 23 23 5 5 14 6 6 17 101 5 5 23
100
8 8 8 16 16 100 100 6 100 6 7 7 15 4 16 16 6 6 6 6 7 15 15 4 13 16 20 100 20 100 11 11 15 13 13 18 20 20 20 22 11 11 23 13 18 18 18 22 22 22 0 23 23 23 5 18 3 1 22 2 10 10 2 23 5 19 1 1 1 14 10 10 17 17 19 19 19 1 14 14 100 12 12 17 17 19 21 1 21 14 12 12 4 4 17 101 21 21 21 3
100
15 15 15 5 13 13 101 9 9 9 4 15 14 5 1 13 13 21 101 21 4 14 14 1 1 1 19 21 21 21 10 10 14 3 1 19 19 19 12 12 10 10 16 16 1 3 19 12 12 22 0 23 2 16 16 7 7 22 22 22 23 23 23 4 16 20 7 20 22 100 17 17 23 4 18 20 20 20 100 6 7 17 17 18 18 18 6 100 6 6 7 7 17 2 18 6 6 8 8 8
100
6 6 100 22 8 8 8 9 9 9 6 22 22 22 17 17 3 21 101 21 0 15 22 1 0 17 17 21 21 21 15 15 1 1 1 7 17 7 7 101 4 15 14 1 7 7 19 7 11 11 4 14 14 1 2 19 19 19 11 11 16 16 14 5 13 13 19 101 23 101 12 16 16 5 18 13 13 23 23 23 12 12 16 18 18 18 20 2 20 23 100 12 4 4 18 100 20 20 20 3
101
10 10 100 14 6 6 18 8 8 8 10 10 14 14 6 18 18 18 100 22 6 13 13 14 17 17 18 22 22 22 6 6 13 13 15 17 17 0 22 3 100 12 12 15 15 5 17 21 2 21 12 12 1 0 15 5 19 21 21 21 7 1 1 1 0 19 19 19 23 101 7 7 1 16 16 0 19 23 23 23 11 11 1 0 16 16 20 3 20 23 11 11 9 9 9 16 20 20 20 2
100
100 6 100 14 17 17 13 13 5 5 6 6 14 14 4 17 17 13 13 22 8 8 8 14 4 18 17 22 22 22 10 10 16 16 18 18 18 2 22 2 10 10 100 16 16 18 0 20 3 20 100 12 12 6 16 0 19 20 20 20 12 12 1 6 6 19 19 19 23 3 0 1 1 1 15 9 19 23 23 23 11 11 1 15 15 9 21 101 21 23 11 11 1 0 15 9 21 21 21 101
100
13 13 5 5 9 9 9 21 101 21 101 13 13 15 101 19 3 21 21 21 11 11 15 15 19 19 19 0 22 2 11 11 0 15 0 19 22 22 22 4 0 12 12 0 20 0 20 22 23 4 12 12 17 17 20 20 20 23 23 23 100 16 16 17 17 4 4 1 2 23 100 14 16 16 17 18 1 1 1 3 14 14 100 16 18 18 18 1 10 10 100 14 8 8 8 18 0 1 10 10
100
13 13 6 6 6 6 9 9 9 22 101 13 13 6 15 6 18 22 22 22 7 7 1 15 15 18 18 18 22 3 7 1 1 1 15 20 18 20 11 11 5 5 1 17 17 20 20 20 11 11 0 14 1 12 17 17 3 21 2 21 14 14 2 12 12 17 19 21 21 21 100 14 16 16 12 19 19 19 23 101 4 10 10 16 16 4 19 23 23 23 4 10 10 100 16 4 8 8 8 23
100
101 11 11 2 18 4 4 21 101 21 5 11 11 18 18 18 6 21 21 21 5 13 13 0 18 6 6 1 5 5 7 7 13 13 2 19 1 1 1 6 7 12 12 14 19 19 19 1 6 6 12 12 14 14 20 19 20 1 3 15 8 8 8 14 20 20 20 22 15 15 100 16 16 17 17 22 22 22 23 15 10 10 16 16 17 17 22 23 23 23 10 10 100 16 3 17 9 9 9 23
100
100 12 12 15 101 7 7 7 7 101 12 12 15 15 101 19 7 21 7 21 11 11 0 15 19 19 19 21 21 21 11 11 14 17 17 19 20 2 20 2 8 14 14 5 17 17 20 20 20 22 8 100 14 5 18 17 3 22 22 22 8 16 16 18 18 18 1 3 22 4 9 0 16 16 18 1 1 1 23 4 9 13 13 16 10 10 1 23 23 23 9 101 13 13 10 10 1 5 5 23
101
6 6 0 12 12 18 3 21 101 21 6 1 12 12 18 18 18 21 21 21 1 1 1 13 13 18 8 8 8 22 5 1 7 7 13 13 19 22 22 22 5 1 7 15 101 19 19 19 22 5 11 11 15 15 17 17 19 3 23 5 11 11 2 15 4 17 17 23 23 23 0 14 16 16 4 20 17 20 2 23 14 14 6 16 16 20 20 20 10 10 100 14 6 6 16 9 9 9 10 10
100
6 6 11 11 101 7 101 21 101 21 12 6 11 11 7 7 19 21 21 21 12 12 0 17 17 19 19 19 3 22 4 12 14 9 17 17 19 22 22 22 4 14 14 9 0 17 1 2 22 2 6 6 14 9 18 1 1 1 3 15 6 16 16 18 18 18 1 4 15 15 8 100 16 16 18 5 1 4 23 15 8 10 10 16 20 5 20 23 23 23 8 10 10 100 20 20 20 5 5 23
100
10 10 13 13 101 5 5 19 7 7 10 10 0 13 13 15 19 19 19 7 11 11 16 16 15 15 21 19 21 2 11 11 0 16 16 15 21 21 21 22 0 14 6 6 16 7 7 22 22 22 14 14 6 1 17 17 7 20 22 20 100 14 1 1 1 17 17 20 20 20 6 6 0 1 2 18 17 3 23 3 6 12 12 1 18 18 18 23 23 23 12 12 9 9 9 18 8 8 8 23
101
7 7 0 17 17 8 8 8 100 22 7 12 12 15 17 17 0 22 22 22 12 12 15 15 0 17 19 0 22 2 0 4 4 15 18 19 19 19 1 3 6 13 13 18 18 18 19 1 1 1 6 6 13 13 18 21 0 21 1 2 100 16 16 5 5 21 21 21 1 5 100 14 16 16 20 0 20 3 23 5 14 14 7 16 20 20 20 23 23 23 100 14 7 7 4 4 9 9 9 23
101
100 4 4 14 100 12 12 100 6 6 10 10 14 14 12 12 20 100 20 6 10 10 0 14 17 17 20 20 20 22 0 11 11 7 7 17 17 22 22 22 8 11 11 15 7 18 17 3 22 3 8 0 15 15 18 18 18 21 2 21 8 1 0 15 2 18 19 21 21 21 1 1 1 16 16 19 19 19 23 101 4 1 13 13 16 16 19 23 23 23 4 1 0 13 13 16 9 9 9 23
100
7 7 11 11 13 13 101 7 7 101 7 15 11 11 101 13 13 21 7 21 15 15 17 17 5 5 19 21 21 21 5 15 23 17 17 19 19 19 3 22 5 23 23 23 17 3 19 22 22 22 9 9 9 23 2 20 2 20 22 6 0 1 8 8 8 20 20 20 6 6 1 1 1 14 100 18 100 16 16 100 4 1 14 14 18 18 18 6 16 16 4 1 0 14 100 18 6 6 100 16
101
10 10 100 14 17 17 101 9 9 9 10 10 14 14 2 17 17 5 7 7 6 6 100 14 18 3 17 5 23 7 6 12 12 18 18 18 19 23 23 23 12 12 11 11 18 19 19 19 1 23 5 5 11 11 15 0 19 1 1 1 8 16 16 15 15 21 0 21 1 3 8 100 16 16 15 21 21 21 1 22 8 6 20 16 20 13 13 22 22 22 6 6 20 20 20 2 13 13 22 100
101
0 12 0 17 17 3 20 100 20 5 0 12 12 0 17 17 20 20 20 5 13 13 12 0 18 17 2 21 3 21 8 13 13 18 18 18 1 21 21 21 8 0 14 5 18 1 1 1 2 22 8 14 14 5 15 4 1 22 22 22 6 6 14 15 15 4 1 7 22 4 6 16 16 0 15 19 7 7 23 4 10 10 16 16 19 19 19 23 23 23 10 10 100 16 0 19 9 9 9 23
100
9 9 9 16 16 4 4 6 100 6 101 13 13 2 16 16 6 6 6 6 7 7 13 13 14 16 20 100 20 100 7 10 10 14 14 100 20 20 20 22 5 10 10 15 14 18 2 22 22 22 5 1 15 15 18 18 18 21 22 21 1 1 1 15 3 18 19 21 21 21 8 1 3 17 17 19 19 19 23 101 8 1 12 12 17 17 19 23 23 23 8 12 12 4 4 17 101 5 5 23
100
100 4 4 15 0 18 100 20 100 20 10 10 15 15 18 18 18 20 20 20 10 10 0 15 3 18 19 8 8 8 7 7 14 17 17 19 19 19 2 22 7 14 14 0 17 17 19 22 22 22 7 7 14 11 11 17 5 21 22 21 7 16 16 11 11 1 5 21 21 21 4 4 16 16 1 1 1 2 23 101 6 13 13 16 5 1 3 23 23 23 6 6 13 13 5 1 9 9 9 23
101
100 12 12 15 6 6 0 21 101 21 12 12 15 15 20 6 20 21 21 21 8 8 8 15 20 20 20 3 23 101 100 14 9 9 9 18 2 23 23 23 14 14 17 17 18 18 18 1 2 23 100 14 0 17 17 18 1 1 1 7 6 16 16 0 17 7 7 1 7 7 6 6 16 16 0 19 7 1 3 22 0 13 13 16 19 19 19 22 22 22 4 4 13 13 0 19 5 5 22 100
0
100 10 10 100 14 11 11 17 17 101 6 10 10 14 14 11 11 22 17 17 6 6 12 12 14 22 22 22 19 17 9 12 12 0 18 3 22 19 19 19 9 13 13 18 18 18 3 1 19 2 9 0 13 13 18 4 1 1 1 15 8 8 8 5 21 4 21 1 15 15 4 16 16 5 21 21 21 1 23 15 4 6 16 16 20 2 20 23 23 23 6 6 100 16 20 20 20 5 5 23
100
7 7 4 4 17 17 101 7 7 101 7 12 12 18 0 17 17 21 7 21 12 12 18 18 18 19 17 21 21 21 0 5 5 18 19 19 19 3 23 101 16 16 9 9 9 19 22 23 23 23 0 16 16 6 22 22 22 1 2 23 11 11 16 6 6 22 1 1 1 2 11 11 0 14 20 0 20 1 3 15 13 13 14 14 20 20 20 1 15 15 101 13 13 14 4 4 8 8 8 15
101
6 6 13 13 101 9 9 9 11 11 6 14 3 13 13 19 101 101 11 11 14 14 17 17 19 19 19 21 101 21 100 14 2 17 17 19 2 21 21 21 12 16 16 3 17 1 8 8 8 22 12 12 16 16 1 1 1 22 22 22 20 12 20 16 5 1 7 7 22 4 20 20 20 18 5 1 15 7 23 4 10 10 18 18 18 15 15 23 23 23 10 10 100 18 5 5 15 101 101 23
101
7 7 101 13 13 0 20 100 20 100 7 11 11 101 13 13 20 20 20 100 7 11 11 15 17 17 2 4 4 22 7 7 15 15 4 17 17 22 22 22 9 9 9 15 4 18 17 2 22 3 0 12 12 0 18 18 18 21 3 21 12 12 16 16 0 18 19 21 21 21 100 14 6 16 16 19 19 19 23 101 14 14 6 6 16 6 19 23 23 23 100 14 8 8 8 6 6 5 5 23
101
100 8 8 8 18 0 21 101 21 101 4 4 14 18 18 18 21 21 21 5 100 14 14 4 18 12 12 2 23 5 6 6 14 4 12 12 19 23 23 23 6 16 16 17 17 19 19 19 1 23 6 6 16 16 17 17 19 1 1 1 6 11 11 16 20 17 20 5 1 2 7 11 11 15 20 20 20 5 1 22 7 7 15 15 13 13 3 22 22 22 9 9 9 15 101 13 13 3 22 100
101
100 100 6 100 20 2 20 17 17 101 100 6 6 6 20 20 20 5 17 17 100 100 6 6 18 3 21 5 21 17 100 12 12 18 18 18 21 21 21 22 12 12 16 16 18 2 19 22 22 22 4 13 13 16 16 19 19 19 22 15 4 14 13 13 16 1 19 4 15 15 14 14 7 7 1 1 1 4 23 15 100 14 7 10 10 1 3 23 23 23 8 8 8 10 10 1 9 9 9 23
100
100 100 6 100 100 4 4 22 2 15 100 6 6 16 16 22 22 22 15 15 100 100 10 10 16 16 22 7 7 15 100 6 10 10 20 16 20 7 23 101 6 6 100 18 20 20 20 23 23 23 100 14 18 18 18 12 12 1 3 23 14 14 0 18 12 12 1 1 1 3 8 14 17 17 19 4 4 1 2 9 8 17 17 19 19 19 21 1 21 9 8 17 5 5 19 101 21 21 21 9
100
12 100 100 4 4 14 4 4 6 6 12 12 16 16 14 14 20 100 20 6 3 12 2 16 16 14 20 20 20 100 0 1 6 6 16 18 8 8 8 22 1 1 1 6 18 18 18 22 22 22 2 1 7 13 13 18 3 21 22 21 9 1 7 7 13 13 19 21 21 21 9 0 15 17 17 19 19 19 23 101 9 15 15 7 17 17 19 23 23 23 5 5 15 7 7 17 101 5 5 23
0
100 16 16 100 100 6 6 100 100 2 100 6 16 16 100 18 6 8 8 8 6 6 100 16 18 18 18 20 100 20 100 12 12 4 21 18 21 20 20 20 12 12 1 4 21 21 21 4 4 22 3 1 1 1 14 17 17 22 22 22 10 10 1 14 14 2 17 17 22 5 10 10 1 15 14 19 3 17 23 5 13 13 15 15 19 19 19 23 23 23 101 13 13 15 101 19 9 9 9 23
100
4 10 10 16 16 3 21 101 21 8 4 10 10 23 16 16 21 21 21 8 11 11 23 23 23 16 4 4 1 8 11 11 17 17 23 2 19 1 1 1 0 12 12 17 17 19 19 19 1 3 12 12 15 5 17 18 19 20 1 20 7 15 15 5 18 18 18 20 20 20 7 7 15 14 2 18 22 100 6 100 13 13 14 14 22 22 22 6 6 6 101 13 13 14 100 22 100 100 6 6
100
0 11 11 101 15 5 20 100 20 100 2 11 11 15 15 5 20 20 20 22 9 4 4 6 15 17 17 22 22 22 9 13 13 6 6 18 17 17 22 4 9 3 13 13 18 18 18 17 23 4 10 10 16 16 2 18 19 23 23 23 10 10 100 16 16 19 19 19 7 23 100 12 12 14 16 3 19 7 7 101 12 12 14 14 5 21 101 21 101 7 8 8 8 14 5 21 21 21 7 7
101
8 8 8 7 7 4 4 22 5 5 100 100 16 16 7 22 22 22 11 11 10 10 100 16 16 2 22 1 11 11 10 10 12 12 16 19 1 1 1 15 100 12 12 4 19 19 19 1 15 15 6 6 18 4 20 19 20 1 2 15 6 18 18 18 20 20 20 3 23 3 100 14 18 17 17 5 5 23 23 23 14 14 13 13 17 17 21 101 21 23 100 14 0 13 13 17 21 21 21 101
100
8 8 8 12 12 6 6 21 101 21 10 10 12 12 3 18 6 21 21 21 10 10 17 17 18 18 18 1 5 5 4 11 11 17 17 18 1 1 1 15 4 11 11 5 17 19 2 1 15 15 7 16 16 5 19 19 19 1 22 15 7 7 16 16 2 19 22 22 22 4 0 14 0 16 20 3 20 22 23 4 14 14 13 13 20 20 20 23 23 23 100 14 0 13 13 9 9 9 101 23
0
7 7 19 5 5 12 12 4 4 6 7 19 19 19 12 12 100 6 6 6 11 11 19 15 16 16 6 6 100 22 11 11 15 15 2 16 16 22 22 22 0 1 0 15 10 10 16 21 22 21 1 1 1 0 10 10 18 21 21 21 0 1 0 17 17 18 18 18 23 101 8 1 14 0 17 17 18 23 23 23 8 14 14 13 13 17 20 3 20 23 8 100 14 3 13 13 20 20 20 2
100
100 100 100 100 18 7 7 17 17 101 100 10 10 18 18 18 7 1 17 17 100 10 10 14 18 3 1 1 1 17 100 100 14 14 2 19 3 1 6 6 100 16 16 14 19 19 19 1 6 22 6 6 16 16 21 19 21 22 22 22 6 12 12 16 21 21 21 5 22 4 12 12 15 4 20 2 20 5 23 4 7 15 15 4 20 20 20 23 23 23 7 7 15 8 8 8 9 9 9 23
100
7 7 5 5 19 9 9 9 7 7 7 13 13 19 19 19 3 21 7 21 17 17 13 13 19 2 1 21 21 21 0 17 17 101 23 1 1 1 18 2 10 10 17 23 23 23 1 18 18 18 10 10 15 5 5 23 1 22 18 6 0 15 15 16 16 22 22 22 6 6 12 3 15 14 16 16 22 4 4 6 12 12 14 14 20 16 20 100 6 6 100 12 100 14 20 20 20 8 8 8
100
10 10 5 5 18 100 20 100 20 4 10 10 15 18 18 18 20 20 20 4 0 15 15 0 18 6 6 21 3 21 16 16 15 9 0 19 6 21 21 21 8 16 16 9 19 19 19 0 22 2 8 100 16 9 0 19 22 22 22 14 8 12 12 1 17 17 0 22 14 14 12 12 1 1 1 17 17 3 23 14 5 11 11 1 13 13 17 23 23 23 5 11 11 1 2 13 13 101 101 23
100
6 6 12 12 18 8 8 8 22 5 6 12 12 18 18 18 22 22 22 5 10 10 4 4 18 0 1 22 3 15 10 10 14 17 17 1 1 1 15 15 7 14 14 0 17 17 1 2 19 15 7 7 14 6 6 17 1 19 19 19 11 11 16 16 6 21 2 21 19 5 11 11 4 16 16 21 21 21 23 5 13 13 4 20 16 20 3 23 23 23 101 13 13 20 20 20 9 9 9 23
100
100 100 12 12 18 7 7 8 8 8 100 12 12 18 18 18 7 21 2 21 16 16 6 6 18 15 6 21 21 21 7 16 16 6 15 15 6 6 3 22 7 7 16 4 4 15 19 22 22 22 0 1 0 17 17 19 19 19 22 2 1 1 1 14 17 17 19 0 23 3 0 1 14 14 20 17 20 23 23 23 4 1 0 14 20 20 20 13 13 23 4 9 9 9 5 5 5 5 13 13
0
10 10 0 11 11 2 20 100 20 100 10 10 1 11 11 15 20 20 20 100 0 1 1 1 15 15 4 4 100 22 7 7 1 4 4 15 19 22 22 22 7 14 1 16 16 19 19 19 22 2 14 14 5 5 16 16 19 21 3 21 8 14 12 12 3 16 18 21 21 21 8 12 12 17 17 18 18 18 23 101 8 7 13 13 17 17 18 23 23 23 7 7 101 13 13 17 9 9 9 23
101
6 6 14 9 9 9 15 20 2 20 6 14 14 6 6 15 15 20 20 20 100 100 14 6 1 2 15 21 3 21 8 16 16 1 1 1 19 21 21 21 8 3 16 16 1 19 19 19 5 5 8 13 13 16 1 7 19 101 11 11 7 7 13 13 7 7 101 101 11 11 7 12 12 18 17 17 101 101 23 101 12 12 18 18 18 17 17 23 23 23 100 4 4 18 4 4 17 5 5 23
101
100 14 8 8 8 18 9 9 9 2 14 14 11 11 18 18 18 5 5 22 100 14 11 11 0 18 15 22 22 22 6 16 16 17 17 15 15 0 22 3 6 6 16 16 17 17 15 21 3 21 4 10 10 16 5 17 19 21 21 21 4 10 10 1 5 19 19 19 23 101 7 7 1 1 1 4 19 23 23 23 7 12 12 1 20 4 20 13 13 23 12 12 0 1 20 20 20 2 13 13
0
7 7 12 12 14 9 9 9 19 101 7 12 12 14 14 3 1 19 19 19 7 7 16 16 14 1 1 1 19 22 0 7 2 16 16 2 1 22 22 22 8 8 8 4 16 18 1 21 22 21 0 13 13 4 18 18 18 21 21 21 10 10 13 13 5 18 15 3 23 101 10 10 17 17 5 15 15 23 23 23 4 11 11 17 17 20 15 20 6 23 4 11 11 101 17 20 20 20 6 6
101
4 10 10 100 12 12 4 8 8 8 4 10 10 12 12 18 4 21 2 21 13 13 16 16 18 18 18 21 21 21 5 13 13 16 16 18 19 9 9 9 5 23 17 17 16 19 19 19 3 22 23 23 23 17 17 2 19 22 22 22 7 7 23 1 17 20 3 20 22 6 7 15 1 1 1 20 20 20 6 6 15 15 5 1 14 14 14 100 100 6 101 15 5 1 0 14 100 100 6 6
100
100 6 11 11 101 15 5 7 7 101 6 6 11 11 15 15 5 21 7 21 100 12 12 7 7 15 19 21 21 21 12 12 13 13 7 19 19 19 2 22 100 16 16 13 13 18 19 22 22 22 8 4 16 16 18 18 18 20 22 20 8 4 14 16 3 18 1 20 20 20 8 14 14 17 17 1 1 1 23 2 10 10 14 3 17 17 1 23 23 23 10 10 9 9 9 17 1 4 4 23
101
101 101 17 17 101 101 19 101 11 11 13 13 101 17 17 19 19 19 11 11 8 13 13 15 17 2 19 21 101 21 8 0 15 15 0 1 2 21 21 21 8 14 4 15 1 1 1 5 5 22 14 14 4 18 0 1 3 22 22 22 100 14 18 18 18 1 6 6 22 4 12 16 16 18 20 3 20 6 23 4 12 12 16 16 20 20 20 23 23 23 100 12 100 16 5 5 9 9 9 23
101
100 12 12 0 15 101 19 9 9 9 12 12 14 15 15 19 19 19 2 22 0 14 14 5 15 18 19 22 22 22 13 13 14 5 18 18 18 4 22 8 0 13 13 7 7 18 21 4 21 8 6 6 1 7 17 17 21 21 21 8 6 1 1 1 0 17 17 101 23 3 5 5 1 16 16 0 17 23 23 23 11 11 1 6 16 16 20 3 20 23 11 11 6 6 100 16 20 20 20 2
101
5 13 13 101 17 17 7 7 11 11 5 1 13 13 23 17 17 7 11 11 1 1 1 23 23 23 17 21 101 21 0 1 8 8 8 23 19 21 21 21 4 1 14 3 15 19 19 19 2 22 4 14 14 15 15 2 19 22 22 22 16 16 14 5 15 20 3 20 22 6 100 16 16 5 18 20 20 20 6 6 10 10 16 18 18 18 6 100 12 12 10 10 4 4 18 6 6 12 12 100
100
100 12 12 6 100 18 100 20 100 20 12 12 6 6 18 18 18 20 20 20 11 11 17 17 0 18 21 2 21 4 11 11 9 17 17 3 21 21 21 4 0 14 9 0 17 1 8 8 8 22 14 14 9 15 1 1 1 22 22 22 100 14 15 15 3 1 2 13 22 5 16 16 0 15 19 1 13 13 23 5 6 16 16 19 19 19 13 23 23 23 6 6 16 0 19 101 5 5 101 23
0
9 0 12 12 1 2 20 100 20 4 9 12 12 1 1 1 20 20 20 4 9 13 13 0 1 6 6 4 10 10 11 11 13 13 1 6 18 4 10 10 11 11 14 0 15 18 18 18 100 22 0 14 14 15 15 5 18 22 22 22 8 0 14 0 15 5 19 3 22 3 8 16 16 17 17 19 19 19 23 2 8 6 16 16 17 17 19 23 23 23 6 6 100 16 0 17 101 5 5 23
100
10 10 5 5 14 100 6 20 100 20 10 10 15 14 14 6 6 20 20 20 4 15 15 3 14 18 8 8 8 22 4 13 15 1 18 18 18 22 22 22 13 13 1 1 1 18 3 21 22 21 13 12 12 1 7 7 19 21 21 21 12 12 2 1 7 19 19 19 7 7 100 16 16 2 17 17 19 101 23 7 100 100 16 16 6 17 17 23 23 23 100 4 4 16 6 6 17 5 5 23
100
4 9 9 9 1 7 7 14 14 14 4 13 13 1 1 1 7 21 14 21 6 6 13 13 1 3 18 21 21 21 6 16 16 2 1 18 18 18 3 22 4 12 16 16 11 11 18 22 22 22 4 12 12 16 11 11 19 2 22 5 20 20 12 17 17 19 19 19 23 5 100 20 0 15 17 17 19 23 23 23 20 20 15 15 101 17 5 5 7 23 8 8 8 15 101 101 101 7 7 101
101
101 7 13 13 9 9 9 1 5 5 7 7 3 13 13 18 1 1 1 15 8 8 8 14 18 18 18 1 15 15 6 6 14 14 3 18 21 1 21 15 6 16 16 14 2 19 21 21 21 22 6 6 16 16 19 19 19 22 22 22 6 12 12 16 20 19 20 5 22 4 12 12 17 17 20 20 20 5 23 4 0 11 11 17 17 10 10 23 23 23 2 11 11 101 17 10 10 4 4 23
100
5 8 8 8 1 4 4 19 7 7 5 13 13 1 1 1 19 19 19 7 7 7 13 13 1 3 21 19 21 2 7 16 16 0 1 15 21 21 21 22 6 6 16 16 15 15 2 22 22 22 6 12 12 16 20 15 20 4 22 5 12 12 6 6 20 20 20 4 23 5 100 100 14 6 100 100 18 23 23 23 100 14 14 10 10 18 18 18 3 23 100 100 14 10 10 100 18 9 9 9
100
10 10 11 11 16 16 100 20 2 20 10 10 11 11 15 16 16 20 20 20 8 13 13 15 15 2 16 100 22 3 8 4 13 13 15 1 22 22 22 7 8 4 17 17 1 1 1 22 7 7 100 12 12 17 17 1 5 5 23 3 12 12 14 5 17 1 19 23 23 23 100 14 14 5 18 19 19 19 101 23 100 6 14 18 18 18 19 21 101 21 6 6 100 100 18 4 4 21 21 21
100
11 11 101 15 101 101 101 7 101 7 11 11 15 15 101 101 7 7 7 7 0 14 0 15 17 17 101 21 101 21 14 14 3 1 3 17 17 21 21 21 0 14 1 1 1 18 17 4 4 22 13 13 2 1 18 18 18 22 22 22 12 13 13 1 5 18 19 2 22 5 12 12 16 16 5 19 19 19 23 5 20 12 20 16 16 4 19 23 23 23 20 20 20 100 16 4 9 9 9 23
101
6 6 15 13 13 5 5 9 9 9 6 15 15 0 13 13 22 2 19 101 0 14 15 18 22 22 22 19 19 19 14 14 18 18 18 22 3 1 19 5 4 14 0 18 6 6 1 1 1 5 4 17 17 0 20 6 20 1 11 11 7 7 17 17 20 20 20 1 11 11 7 16 16 17 21 2 21 3 23 101 10 10 16 16 21 21 21 23 23 23 10 10 100 16 4 4 8 8 8 23
101
4 10 10 100 14 9 9 9 1 2 4 10 10 14 14 0 19 1 1 1 7 7 13 13 14 19 19 19 1 3 7 16 16 13 13 18 19 20 1 20 8 0 16 16 18 18 18 20 20 20 8 11 11 16 15 18 100 22 7 7 8 11 11 15 15 22 22 22 23 7 12 0 17 17 15 2 22 23 23 23 12 12 6 17 17 21 3 21 101 23 100 12 6 6 17 21 21 21 5 5
101
101 101 7 101 15 10 10 17 17 101 101 7 7 15 15 10 10 22 17 17 101 9 9 9 15 22 22 22 23 17 11 11 16 16 7 7 22 23 23 23 11 11 8 16 16 7 21 2 21 23 0 14 8 3 16 19 21 21 21 4 14 14 8 18 19 19 19 3 1 4 2 14 18 18 18 19 5 1 1 1 6 13 13 18 4 20 5 20 1 5 6 6 13 13 4 20 20 20 1 5
101
8 8 8 22 100 18 3 9 9 9 7 22 22 22 18 18 18 21 101 21 7 7 22 1 0 18 15 21 21 21 16 16 1 1 1 15 15 101 5 5 100 16 16 1 11 11 15 5 5 7 100 12 16 1 11 11 19 101 7 7 4 12 12 4 4 19 19 19 23 101 4 14 12 17 17 2 19 23 23 23 14 14 13 13 17 17 20 2 20 23 100 14 0 13 13 17 20 20 20 3
101
4 4 6 10 10 100 12 12 2 22 100 6 6 10 10 12 12 22 22 22 8 8 8 18 100 20 100 20 22 4 16 16 18 18 18 20 20 20 23 4 6 16 16 18 2 5 5 23 23 23 6 6 16 3 14 21 101 21 7 23 15 15 15 14 14 21 21 21 7 7 101 15 17 17 14 3 19 9 9 9 13 13 101 17 17 19 19 19 11 11 101 13 13 101 17 101 19 101 11 11
100
8 0 15 0 18 6 6 100 12 12 8 15 15 18 18 18 6 12 12 6 8 0 15 0 18 20 100 20 6 6 10 10 17 17 3 20 20 20 100 22 10 10 14 17 17 16 16 22 22 22 0 14 14 0 17 1 16 16 22 5 11 11 14 19 1 1 1 16 23 5 11 11 19 19 19 1 2 23 23 23 13 13 101 19 2 1 21 3 21 23 101 13 13 9 9 9 21 21 21 101
100
10 10 100 16 16 100 4 4 6 100 10 10 12 12 16 16 100 6 6 22 8 12 12 3 20 16 20 22 22 22 8 21 2 21 20 20 20 7 22 4 8 21 21 21 17 17 7 7 23 4 11 11 13 13 101 17 17 23 23 23 11 11 101 13 13 5 17 1 2 23 7 7 15 101 19 5 1 1 1 14 7 15 15 19 19 19 6 1 14 14 5 5 15 101 19 6 6 1 3 14
101
0 8 8 8 18 4 4 6 100 6 21 0 21 18 18 18 6 6 6 6 21 21 21 2 18 20 100 20 100 14 7 7 1 13 13 20 20 20 14 14 7 1 1 1 13 13 4 4 22 14 10 10 1 12 17 17 22 22 22 15 10 10 1 12 12 17 17 22 15 15 100 16 16 3 12 19 17 3 23 15 100 100 16 16 19 19 19 23 23 23 100 100 100 16 2 19 9 9 9 23
100
101 7 4 4 8 8 8 20 100 20 7 7 13 13 17 17 0 20 20 20 10 10 0 13 13 17 17 21 2 21 10 10 1 16 16 0 17 21 21 21 0 1 1 1 16 16 0 5 5 22 11 11 1 0 15 16 19 22 22 22 11 11 1 15 15 19 19 19 22 2 0 12 12 14 15 18 19 3 23 3 12 12 14 14 18 18 18 23 23 23 100 4 4 14 100 18 9 9 9 23
101
100 12 12 16 16 18 2 8 8 8 12 12 16 16 18 18 18 21 3 21 10 10 16 11 11 18 4 21 21 21 10 10 1 11 11 20 4 20 7 7 9 1 1 1 15 20 20 20 23 7 9 2 1 15 15 6 6 23 23 23 9 13 1 3 15 6 19 6 6 23 13 13 14 17 17 19 19 19 6 22 13 14 14 7 17 17 19 22 22 22 5 5 14 7 7 17 4 4 22 100
100
6 6 100 100 12 12 18 8 8 8 6 10 10 12 12 18 18 18 100 22 100 10 10 3 13 13 18 22 22 22 100 14 5 16 16 13 13 20 22 20 14 14 5 15 16 16 4 20 20 20 5 14 15 15 7 16 4 21 2 21 5 1 2 15 7 7 19 21 21 21 1 1 1 17 17 19 19 19 23 3 4 1 11 11 17 17 19 23 23 23 4 1 11 11 101 17 9 9 9 23
0
101 13 13 4 4 18 6 6 100 100 11 11 13 13 18 18 18 6 10 10 11 11 1 17 17 18 8 6 10 10 12 1 1 1 17 17 8 6 6 22 12 12 1 5 5 17 8 22 22 22 100 12 1 15 20 2 20 3 22 5 100 14 15 15 20 20 20 2 23 5 14 14 3 15 16 16 19 23 23 23 21 14 21 16 16 19 19 19 101 23 21 21 21 16 4 4 19 9 9 9
100
100 4 4 18 3 11 11 4 4 15 10 10 18 18 18 11 11 1 15 15 10 10 100 18 2 19 1 1 1 15 100 12 12 14 19 19 19 1 7 7 12 12 14 14 20 19 20 1 23 7 7 13 13 14 20 20 20 23 23 23 7 7 13 13 21 3 21 16 16 23 5 17 17 2 21 21 21 22 16 16 5 101 17 17 6 22 22 22 100 16 9 9 9 17 6 6 22 8 8 8
101
100 16 16 0 9 9 9 1 7 7 10 10 16 16 0 18 1 1 1 7 10 10 0 16 18 18 18 1 2 15 100 12 12 0 20 18 20 1 15 15 12 12 17 17 20 20 20 3 22 15 8 8 8 17 17 3 22 22 22 4 5 13 13 0 17 19 2 22 23 4 5 14 13 13 19 19 19 23 23 23 14 14 11 11 21 19 21 101 7 23 100 14 11 11 21 21 21 7 7 101
101
5 5 7 17 17 0 13 13 5 5 101 7 7 15 17 17 2 13 13 22 7 7 15 15 0 17 1 22 22 22 7 11 11 15 18 1 1 1 22 3 9 11 11 18 18 18 1 21 2 21 9 0 12 12 18 19 1 21 21 21 9 12 12 0 19 19 19 3 23 101 0 14 16 16 0 19 4 23 23 23 14 14 6 16 16 20 4 20 6 23 100 14 6 6 16 20 20 20 6 6
101
7 7 14 100 12 12 3 20 100 20 7 14 14 12 12 17 17 20 20 20 9 0 14 0 1 0 17 17 6 6 9 11 11 1 1 1 2 17 6 22 9 11 11 15 1 2 18 22 22 22 8 0 15 15 1 18 18 18 22 4 8 16 16 15 0 19 18 3 23 4 8 0 16 16 19 19 19 23 23 23 7 13 13 16 6 19 21 101 21 23 7 7 13 13 6 6 21 21 21 101
101
10 10 16 16 100 20 100 20 3 13 10 10 15 16 16 20 20 20 13 13 0 15 15 5 16 19 4 4 13 22 11 11 15 5 19 19 19 22 22 22 11 11 18 7 7 19 4 21 22 21 0 18 18 18 7 1 4 21 21 21 0 14 18 0 1 1 1 12 12 5 14 14 17 17 3 1 12 12 23 5 0 14 0 17 17 1 2 23 23 23 0 9 9 9 17 8 8 8 2 23
101
5 5 15 8 9 9 9 20 100 20 101 15 15 8 17 17 3 20 20 20 7 7 15 8 1 17 17 5 5 22 7 16 16 1 1 1 17 22 22 22 6 6 16 16 1 13 13 2 22 4 6 14 4 16 1 7 13 13 23 4 14 14 4 18 7 7 19 23 23 23 100 14 18 18 18 19 19 19 101 23 100 10 10 18 12 12 19 21 101 21 100 10 10 12 12 2 3 21 21 21
100
5 10 10 16 16 15 15 15 7 7 5 10 10 23 16 16 15 21 7 21 7 7 23 23 23 16 1 21 21 21 7 12 12 4 23 1 1 1 18 2 12 12 14 4 19 2 1 18 18 18 8 14 14 19 19 19 1 22 18 100 8 0 14 3 19 22 22 22 100 6 8 17 17 9 9 9 22 100 6 6 13 13 17 17 20 3 20 4 4 6 101 13 13 17 20 20 20 100 6 6
100
8 0 16 16 17 17 101 101 101 7 8 13 13 16 16 17 17 101 7 7 8 0 13 13 16 18 17 21 101 21 10 10 0 1 18 18 18 21 21 21 10 10 1 1 1 18 12 12 2 22 5 11 11 1 3 12 12 22 22 22 5 11 11 1 15 2 19 3 22 4 7 7 14 15 15 19 19 19 23 4 7 14 14 20 15 20 19 23 23 23 5 5 14 20 20 20 9 9 9 23
101
8 8 8 18 2 11 11 5 5 22 4 4 18 18 18 11 11 22 22 22 10 10 100 18 20 3 20 2 22 5 10 10 16 16 20 20 20 17 17 5 100 12 12 16 16 4 4 1 17 17 12 12 14 0 16 19 1 1 1 17 7 14 14 3 19 19 19 1 6 6 7 7 14 15 21 19 21 1 23 6 13 13 15 15 21 21 21 23 23 23 101 13 13 15 101 101 9 9 9 23
0
11 11 13 13 8 8 8 20 100 20 11 11 0 13 13 19 2 20 20 20 9 9 9 0 19 19 19 1 5 5 0 16 16 17 17 19 1 1 1 15 6 6 16 16 17 17 3 1 15 15 6 12 12 16 18 17 21 1 21 15 12 12 14 18 18 18 21 21 21 5 100 14 14 100 18 0 22 3 23 5 10 10 14 6 22 22 22 23 23 23 10 10 6 6 100 22 2 4 4 23
100
7 7 17 17 101 101 101 101 5 5 7 12 12 17 17 101 19 101 101 7 12 12 13 13 17 19 19 19 7 7 9 9 9 13 13 18 19 21 101 21 0 16 16 3 18 18 18 21 21 21 11 11 16 16 2 18 4 4 22 8 11 11 14 16 1 3 22 22 22 8 0 14 14 1 1 1 15 22 23 8 5 20 14 20 1 15 15 23 23 23 5 20 20 20 1 2 15 101 101 23
101
0 10 10 0 9 9 9 21 101 21 0 10 10 14 3 18 3 21 21 21 11 11 14 14 18 18 18 2 23 101 11 11 13 14 15 18 19 23 23 23 5 13 13 15 15 19 19 19 12 23 5 13 17 17 15 2 19 22 12 12 8 8 8 17 17 22 22 22 1 12 100 16 16 0 17 4 22 1 1 1 100 6 16 16 20 4 20 5 1 4 6 6 100 16 20 20 20 5 1 4
100
2 13 13 17 17 101 5 5 7 7 8 5 13 13 17 17 21 101 21 7 8 5 14 3 18 17 21 21 21 101 8 14 14 18 18 18 7 7 23 3 10 10 14 15 18 19 7 23 23 23 10 10 15 15 19 19 19 2 1 23 100 12 12 15 20 19 20 1 1 1 12 12 16 16 20 20 20 22 1 9 6 6 6 16 16 22 22 22 1 9 6 6 6 100 16 100 22 4 4 9
100
0 11 11 2 18 7 7 20 100 20 0 11 11 18 18 18 7 20 20 20 0 12 12 5 18 19 13 13 5 5 12 12 14 5 19 19 19 13 13 22 100 14 14 17 17 19 4 22 22 22 8 2 14 6 17 17 4 21 22 21 8 3 15 6 6 17 1 21 21 21 8 15 15 16 16 1 1 1 23 101 10 10 15 3 16 16 1 23 23 23 10 10 9 9 9 16 1 4 4 23
0
11 11 2 12 12 100 4 4 6 100 11 11 12 12 100 18 100 6 6 22 101 13 16 16 18 18 18 22 22 22 13 13 1 16 16 18 6 6 22 8 13 1 1 1 16 20 6 20 3 8 10 10 1 3 15 20 20 20 23 8 10 10 1 15 15 2 19 23 23 23 100 14 17 17 15 19 19 19 5 23 14 14 7 17 17 7 19 21 5 21 100 14 7 7 17 7 7 21 21 21
100
7 7 1 4 4 18 6 6 10 10 7 1 1 1 18 18 18 6 10 10 14 2 1 16 16 18 6 8 8 8 14 14 1 3 16 16 6 6 12 12 14 15 21 21 20 16 20 12 12 22 15 15 101 21 20 20 20 22 22 22 101 15 21 21 2 0 19 3 22 5 101 13 13 17 17 19 19 19 23 5 11 11 13 13 17 17 19 23 23 23 11 11 101 5 5 17 9 9 9 23
100
8 8 8 12 12 7 7 21 101 21 11 11 12 12 17 17 7 21 21 21 11 11 4 4 1 17 17 5 5 22 4 16 16 1 1 1 17 22 22 22 4 14 16 16 1 2 15 20 22 20 14 14 5 16 1 15 15 20 20 20 0 14 5 18 6 6 15 3 23 3 9 2 18 18 18 6 19 23 23 23 9 13 13 18 6 19 19 19 7 23 9 101 13 13 6 6 19 7 7 101
101
4 16 16 8 8 8 100 14 14 14 4 1 16 16 3 20 100 20 14 2 1 1 1 16 15 20 20 20 2 22 5 1 12 15 15 6 6 22 22 22 5 1 12 12 15 18 6 21 22 21 9 11 11 12 18 18 18 21 21 21 9 11 11 13 13 18 4 4 23 101 9 101 17 17 13 13 19 23 23 23 101 7 101 17 17 19 19 19 7 23 7 7 5 5 17 101 19 7 7 3
101
9 9 9 17 17 2 8 8 8 22 0 10 10 0 17 17 4 22 22 22 6 10 10 12 12 17 4 1 22 2 6 6 12 12 3 19 1 1 1 15 11 11 16 16 19 19 19 1 15 15 11 11 14 16 16 19 21 1 21 15 0 14 14 0 16 18 21 21 21 101 7 7 14 5 18 18 18 3 23 101 7 13 13 5 20 18 20 23 23 23 101 101 13 13 20 20 20 5 5 23
101
6 6 8 8 8 9 9 9 101 7 6 12 12 2 17 17 101 101 7 7 12 12 14 16 16 17 17 21 101 21 100 14 14 4 16 16 17 21 21 21 10 10 14 4 20 16 20 5 5 22 10 10 0 1 20 20 20 22 22 22 11 11 1 1 1 2 19 3 22 5 11 11 15 1 3 19 19 19 23 5 7 15 15 1 13 13 19 23 23 23 7 7 15 4 4 13 13 101 101 23
101
0 13 13 4 4 18 100 8 8 8 10 10 13 13 18 18 18 100 100 22 10 10 17 17 2 18 100 22 22 22 6 6 14 17 17 20 100 20 22 5 6 14 14 4 17 20 20 20 23 5 11 11 14 4 1 7 7 23 23 23 11 11 2 1 1 1 7 101 19 23 12 16 16 3 1 3 15 19 19 19 12 12 16 16 1 15 15 21 19 21 100 12 100 16 5 5 15 21 21 21
100
100 12 12 4 4 18 100 10 10 100 12 12 16 16 18 18 18 10 10 14 3 15 5 16 16 18 6 6 14 14 15 15 5 7 16 20 6 20 100 14 101 15 7 7 1 20 20 20 100 22 101 17 17 1 1 1 2 22 22 22 11 11 17 17 1 0 19 2 22 4 11 11 5 17 1 19 19 19 23 4 13 13 5 21 3 21 19 23 23 23 101 13 13 21 21 21 9 9 9 23
101
0 16 16 6 6 100 100 100 22 3 7 7 16 16 6 18 22 22 22 5 7 17 17 16 18 18 18 22 23 5 10 10 17 17 20 18 20 23 23 23 10 10 0 17 20 20 20 4 4 23 100 12 12 19 8 8 8 1 7 7 12 12 19 19 19 4 1 1 1 7 100 14 0 19 21 4 21 1 3 15 14 14 13 13 21 21 21 1 15 15 100 14 2 13 13 9 9 9 2 15
100
4 11 11 2 18 6 6 0 1 2 4 11 11 18 18 18 6 1 1 1 16 16 17 17 18 20 0 20 1 3 100 16 16 17 17 20 20 20 1 15 10 10 16 4 17 5 5 22 15 15 10 10 14 4 19 22 22 22 23 15 8 14 14 19 19 19 22 23 23 23 8 100 14 3 19 21 0 21 101 23 8 12 12 13 13 21 21 21 7 7 12 12 5 5 13 13 9 9 9 7
0
100 12 12 4 13 13 101 101 5 5 12 12 15 4 1 13 13 9 9 9 5 15 15 1 1 1 17 17 7 7 5 14 15 2 1 10 10 17 17 7 14 14 3 18 1 10 10 21 17 21 100 14 18 18 18 2 19 21 21 21 100 16 16 18 3 19 19 19 23 101 22 22 16 16 7 7 19 23 23 23 100 22 22 16 20 7 20 11 11 23 100 22 4 4 20 20 20 11 11 101
101
4 10 10 7 7 2 9 9 9 22 4 10 10 7 1 17 17 22 22 22 6 6 14 1 1 1 17 17 22 2 6 14 14 0 1 5 20 17 20 5 7 7 14 18 1 5 20 20 20 5 7 15 18 18 18 12 12 21 3 21 15 15 0 18 12 12 19 21 21 21 101 15 16 16 3 19 19 19 23 101 101 13 13 16 16 4 19 23 23 23 101 101 13 13 16 4 8 8 8 23
100
100 10 10 100 12 12 100 22 2 15 8 10 10 12 12 22 22 22 15 15 8 11 11 0 18 0 22 3 23 15 8 11 11 18 18 18 19 23 23 23 9 0 13 13 18 19 19 19 1 23 9 0 14 13 13 0 19 1 1 1 9 14 14 5 5 20 2 20 1 4 16 16 14 17 17 20 20 20 1 4 6 16 16 5 17 17 4 21 3 21 6 6 16 5 101 17 4 21 21 21
100
11 11 13 13 8 8 8 1 4 4 11 11 0 13 13 19 1 1 1 6 7 7 12 12 19 19 19 1 6 6 7 12 12 17 17 19 20 1 20 3 9 0 14 0 17 17 20 20 20 15 9 14 14 5 5 17 3 22 15 15 9 0 14 2 18 22 22 22 23 15 4 16 16 18 18 18 22 23 23 23 4 6 16 16 18 7 21 2 21 23 6 6 100 16 7 7 21 21 21 101
101
101 13 13 5 5 20 100 20 6 6 101 3 13 13 15 20 20 20 6 22 9 9 9 15 15 3 1 22 22 22 11 11 17 17 15 1 1 1 22 4 11 11 14 17 17 2 1 16 16 4 6 14 14 2 17 19 1 4 16 16 6 6 14 18 19 19 19 4 23 16 8 12 18 18 18 19 5 23 23 23 8 12 12 18 7 21 5 21 7 23 8 100 12 7 7 21 21 21 7 7
101
10 10 0 9 9 9 19 5 5 7 10 10 16 16 0 19 19 19 7 7 14 14 14 16 16 2 19 21 101 21 0 14 4 4 16 1 2 21 21 21 11 11 17 17 1 1 1 5 5 22 11 11 18 17 17 1 3 22 22 22 6 18 18 18 17 1 12 12 22 100 6 6 18 15 0 12 12 4 4 6 13 13 15 15 20 3 20 100 6 6 101 13 13 15 20 20 20 8 8 8
100
100 6 100 100 100 6 6 8 8 8 6 6 16 16 100 20 6 20 4 4 100 12 12 16 16 20 20 20 100 22 12 12 14 0 16 2 19 22 22 22 100 14 14 17 17 19 19 19 22 4 10 10 14 9 17 17 19 2 23 4 10 10 15 9 3 17 1 23 23 23 0 15 15 9 18 1 1 1 5 23 13 13 15 18 18 18 1 21 5 21 101 13 13 0 18 3 1 21 21 21
100
12 5 5 15 9 9 9 17 17 101 12 12 15 15 4 4 3 22 17 17 8 12 0 15 19 22 22 22 7 17 8 13 13 19 19 19 22 7 7 101 8 14 13 13 19 1 2 21 101 21 14 14 0 18 1 1 1 21 21 21 100 14 18 18 18 1 6 6 23 101 100 16 16 18 2 1 6 23 23 23 10 10 16 16 4 20 3 20 7 23 10 10 100 16 4 20 20 20 7 7
100
101 5 5 15 0 18 100 100 100 22 11 11 15 15 18 18 18 22 22 22 11 11 14 15 6 18 19 3 22 5 8 14 14 6 6 19 19 19 23 5 8 0 14 16 16 0 19 23 23 23 8 13 13 0 16 16 9 9 9 23 12 0 13 13 20 16 20 2 1 3 12 12 17 17 20 20 20 1 1 1 4 12 7 17 17 21 2 21 1 4 4 7 7 101 17 21 21 21 1 4
101
4 4 14 0 5 5 1 9 9 9 8 14 14 16 16 1 1 1 23 101 8 5 14 6 16 16 1 23 23 23 8 5 15 6 6 16 1 6 6 23 0 15 15 17 17 3 20 6 20 3 11 11 15 0 17 17 20 20 20 22 11 11 12 12 4 17 19 22 22 22 0 12 12 18 4 19 19 19 22 2 13 13 18 18 18 7 19 21 2 21 101 13 13 18 7 7 101 21 21 21
101
100 12 12 8 100 18 6 6 10 10 12 12 15 8 18 18 18 6 10 10 2 15 15 8 14 18 20 100 20 100 11 11 15 14 14 3 20 20 20 22 11 11 4 4 14 19 2 22 22 22 13 13 16 16 19 19 19 21 22 21 101 13 13 16 16 19 1 21 21 21 101 7 17 17 16 1 1 1 23 3 7 7 101 17 17 5 1 23 23 23 101 9 9 9 17 5 1 5 5 23
101
100 12 12 4 4 20 100 20 10 10 12 12 1 17 17 20 20 20 10 10 0 1 1 1 17 17 21 3 21 2 11 11 1 0 13 17 21 21 21 22 11 11 1 13 13 18 2 22 22 22 0 14 0 13 18 18 18 7 22 5 14 14 16 16 0 18 7 7 23 5 8 14 15 16 16 3 19 23 23 23 8 15 15 0 16 19 19 19 7 23 8 0 15 9 9 9 19 7 7 101
101
100 10 10 5 5 21 101 21 3 14 100 10 10 17 17 21 21 21 14 14 6 6 12 12 17 17 0 1 2 14 6 12 12 18 0 17 1 1 1 6 4 4 18 18 18 19 0 1 6 6 8 8 8 18 19 19 19 1 3 15 11 11 16 16 0 19 2 22 15 15 11 11 4 16 16 22 22 22 23 15 13 13 4 20 16 20 22 23 23 23 101 13 13 20 20 20 9 9 9 23
100
0 1 7 7 8 8 8 21 101 21 1 1 1 7 15 0 18 21 21 21 0 1 4 15 15 18 18 18 3 22 6 1 4 14 15 0 18 22 22 22 6 6 14 14 9 9 9 19 22 2 100 4 4 14 17 17 19 19 19 5 100 100 12 12 0 17 17 19 23 5 100 12 12 16 16 0 17 23 23 23 10 10 100 6 16 16 20 2 20 23 10 10 6 6 100 16 20 20 20 3
100
100 16 16 3 17 17 101 7 7 101 10 10 16 16 5 17 17 21 7 21 10 10 100 16 5 18 17 21 21 21 14 14 14 12 18 18 18 4 4 22 0 14 1 12 12 18 4 22 22 22 0 1 1 1 12 15 4 19 22 9 11 11 1 2 15 15 19 19 19 9 11 11 1 3 20 15 20 19 23 9 7 13 13 2 20 20 20 23 23 23 7 7 13 13 5 5 8 8 8 23
101
6 6 12 12 17 17 5 5 19 101 6 12 12 6 6 17 17 19 19 19 8 8 8 14 6 1 17 3 19 22 10 10 14 14 1 1 1 22 22 22 10 10 0 14 15 1 9 21 22 21 5 11 11 15 15 1 9 21 21 21 5 11 11 0 15 18 9 2 23 101 7 7 16 16 18 18 18 23 23 23 7 13 13 16 16 18 20 3 20 23 101 101 13 13 16 100 20 20 20 2
101
8 20 20 20 100 18 2 21 101 21 8 20 14 20 18 18 18 21 21 21 8 14 14 16 16 18 13 13 5 5 10 10 14 6 16 16 3 13 13 22 10 10 15 6 6 16 19 22 22 22 7 15 15 17 17 19 19 19 22 4 7 7 15 1 17 17 19 3 23 4 12 2 1 1 1 17 101 23 23 23 12 12 4 1 11 11 7 7 101 23 100 12 4 1 11 11 7 9 9 9
101
9 9 9 14 4 6 6 17 17 101 11 11 14 14 4 21 6 21 17 17 11 11 0 14 15 21 21 21 23 17 0 12 12 15 15 6 6 23 23 23 12 12 0 18 15 3 6 1 3 23 13 13 18 18 18 19 1 1 1 7 5 13 13 18 19 19 19 1 7 7 5 16 16 2 20 19 20 1 2 22 10 10 16 16 20 20 20 22 22 22 10 10 100 16 100 8 8 8 22 100
100
100 12 12 8 8 8 19 9 9 9 12 12 16 16 0 19 19 19 2 22 14 14 14 16 16 0 19 22 22 22 100 14 13 13 16 21 3 21 22 4 6 6 15 13 13 21 21 21 23 4 6 15 15 7 7 18 2 23 23 23 11 11 15 7 18 18 18 3 1 23 11 11 17 17 0 18 5 1 1 1 101 101 7 17 17 20 5 20 1 5 101 7 7 101 17 20 20 20 1 5
101
10 10 11 11 0 1 5 5 19 101 10 10 11 11 1 1 1 19 19 19 100 14 16 16 3 1 2 21 19 21 14 14 5 16 16 1 18 21 21 21 0 14 5 15 16 18 18 18 2 22 13 13 15 15 6 6 18 22 22 22 101 13 13 15 6 20 100 20 22 4 101 101 7 17 17 20 20 20 23 4 101 7 7 7 17 17 3 23 23 23 101 101 7 7 101 17 9 9 9 23
101
5 5 17 17 5 5 14 6 6 2 8 11 11 17 17 14 14 20 6 20 8 11 11 4 17 1 14 20 20 20 8 16 16 4 1 1 1 4 4 22 100 100 16 16 2 1 3 22 22 22 100 12 12 16 18 1 9 21 22 21 12 12 6 18 18 18 9 21 21 21 3 6 6 15 18 19 9 101 23 101 13 13 15 15 19 19 19 23 23 23 101 13 13 15 101 19 101 101 101 23
100
100 12 12 1 17 17 5 5 19 101 12 12 1 1 1 17 17 19 19 19 8 10 10 1 16 16 17 2 19 22 8 10 10 1 3 16 16 22 22 22 8 13 13 9 9 9 16 21 22 21 7 7 13 13 15 3 18 21 21 21 7 23 23 15 15 18 18 18 6 6 23 23 5 5 15 4 18 100 14 6 7 23 11 11 20 4 20 14 14 4 7 7 11 11 20 20 20 2 14 4
101
100 100 12 12 5 5 1 9 9 9 100 12 12 17 17 1 1 1 19 101 6 6 16 16 17 17 1 19 19 19 6 11 11 16 16 17 1 2 19 22 0 11 11 15 16 18 2 22 22 22 10 10 15 15 18 18 18 21 22 21 10 10 14 15 4 18 3 21 21 21 100 14 14 20 4 20 7 7 23 101 100 6 14 20 20 20 7 23 23 23 6 6 100 4 4 8 8 8 3 23
100
100 12 13 13 3 20 100 20 6 6 8 12 12 13 13 20 20 20 6 22 8 0 12 0 1 5 5 22 22 22 8 14 0 1 1 1 15 2 22 2 14 14 7 7 1 15 15 21 3 21 4 14 18 7 1 7 15 21 21 21 4 18 18 18 7 7 19 9 9 9 16 16 18 17 17 19 19 19 23 101 100 16 16 6 17 17 19 23 23 23 4 4 16 6 6 17 101 5 5 23
0
100 12 12 4 4 23 101 7 7 101 12 12 16 16 23 23 23 21 7 21 8 8 8 16 16 5 23 21 21 21 0 15 0 1 16 5 19 9 9 9 15 15 1 1 1 19 19 19 3 22 4 15 14 1 7 7 19 22 22 22 4 14 14 1 7 20 2 20 22 6 17 17 14 2 18 20 20 20 6 6 101 17 17 18 18 18 100 6 10 10 5 5 17 3 18 100 6 6 10 10
100
6 13 13 9 9 9 15 5 5 22 6 6 13 13 18 15 15 22 22 22 6 16 16 18 18 18 15 2 22 7 6 6 16 16 18 20 2 20 7 7 100 14 8 16 0 20 20 20 23 101 14 14 8 0 17 17 3 23 23 23 100 14 8 1 0 17 17 7 7 23 4 12 1 1 1 19 17 21 7 21 4 12 12 1 19 19 19 21 21 21 4 4 12 1 3 19 101 101 5 5
0
5 5 15 0 12 12 5 5 19 101 8 15 15 12 12 3 1 19 19 19 8 0 15 17 17 1 1 1 19 2 8 14 0 18 17 17 1 4 4 22 14 14 18 18 18 17 1 22 22 22 100 14 0 18 6 6 2 21 22 21 16 16 7 7 20 6 20 21 21 21 6 16 16 7 20 20 20 3 23 101 6 6 16 11 11 13 13 23 23 23 9 9 9 11 11 101 13 13 101 23
101
6 6 14 0 16 16 100 8 8 8 6 14 14 9 3 16 16 4 4 22 10 10 14 9 17 17 16 22 22 22 10 10 1 9 5 17 17 21 22 21 6 1 1 1 5 18 17 21 21 21 6 6 1 3 18 18 18 20 2 20 11 11 1 12 12 18 19 20 20 20 11 11 12 12 15 19 19 19 23 2 7 13 13 15 15 7 19 23 23 23 7 7 13 13 15 7 7 5 5 23
101
100 16 16 0 13 13 101 7 7 101 10 10 16 16 5 13 13 21 7 21 10 10 15 16 5 17 17 21 21 21 0 15 15 0 18 2 17 17 6 6 11 11 15 18 18 18 2 17 6 22 11 11 1 0 18 3 19 22 22 22 4 1 1 1 12 19 19 19 22 4 4 14 1 9 12 12 19 3 23 4 14 14 1 9 20 12 20 23 23 23 100 14 0 9 20 20 20 5 5 23
101
9 9 9 12 17 17 5 5 7 7 101 13 13 12 12 17 17 21 7 21 11 11 13 13 12 18 17 21 21 21 11 11 2 1 18 18 18 0 22 8 0 14 1 1 1 18 22 22 22 8 14 14 4 1 5 5 19 22 3 8 4 14 4 1 15 19 19 19 23 2 4 16 16 15 15 0 19 23 23 23 10 10 16 16 15 6 20 3 20 23 10 10 100 16 6 6 20 20 20 0
0
100 10 10 100 100 100 6 6 100 22 100 10 10 16 16 18 6 22 22 22 100 14 16 16 18 18 18 21 22 21 14 14 16 11 11 18 2 21 21 21 100 14 3 11 11 4 20 3 20 9 8 2 1 17 17 4 20 20 20 9 8 1 1 1 17 17 5 5 23 9 8 15 1 4 4 17 19 23 23 23 15 15 1 13 13 19 19 19 7 23 101 15 5 5 13 13 19 7 7 101
101
100 100 6 2 9 9 9 1 4 4 2 6 6 14 17 17 1 1 1 7 6 6 14 14 5 17 17 1 7 7 6 12 12 14 5 18 17 1 3 22 12 12 16 16 18 18 18 22 22 22 7 13 13 16 16 18 4 21 22 21 7 7 13 13 16 19 4 21 21 21 8 8 8 15 19 19 19 0 23 101 10 10 15 15 20 19 20 23 23 23 10 10 3 15 20 20 20 5 5 23
100
16 16 100 20 20 18 3 11 11 3 100 16 16 20 18 18 18 11 11 22 10 10 16 20 20 18 19 22 22 22 10 10 1 5 5 19 19 19 22 4 12 1 1 1 17 17 19 2 23 4 12 12 1 2 13 17 17 23 23 23 4 12 1 13 13 101 17 101 7 23 4 14 9 13 15 7 7 7 7 101 14 14 9 15 15 7 21 101 21 5 100 14 9 101 15 101 21 21 21 5
101
8 100 6 100 14 3 15 20 100 20 8 6 6 14 14 15 15 20 20 20 8 12 12 0 14 18 15 21 3 21 12 12 0 1 18 18 18 21 21 21 10 10 1 1 1 18 9 9 9 22 10 10 4 1 7 7 19 22 22 22 16 16 4 1 7 19 19 19 22 5 0 16 16 2 17 17 19 2 23 5 11 11 16 13 13 17 17 23 23 23 11 11 4 4 13 13 17 5 5 23
0
10 10 13 13 8 8 8 20 100 20 10 10 0 13 13 1 3 20 20 20 0 16 16 0 1 1 1 5 5 22 11 11 16 16 2 1 2 22 22 22 11 11 0 16 5 1 19 3 22 4 0 12 17 17 5 19 19 19 23 4 4 12 12 17 17 101 19 23 23 23 4 14 12 15 17 7 9 9 9 23 14 14 15 15 7 7 7 21 101 21 100 14 0 15 101 7 7 21 21 21
101
0 10 10 8 8 8 20 100 20 100 7 10 10 1 17 17 20 20 20 22 7 7 1 1 1 17 17 22 22 22 11 11 0 1 6 6 17 3 22 3 11 11 15 1 6 18 2 21 2 21 9 15 15 0 18 18 18 21 21 21 9 0 15 13 13 18 4 4 23 101 9 14 16 16 13 13 19 23 23 23 14 14 6 16 16 19 19 19 7 23 100 14 6 6 16 0 19 7 7 101
101
101 13 13 0 9 9 9 21 101 21 11 11 13 13 1 17 17 21 21 21 11 11 0 1 1 1 17 17 6 6 12 16 16 0 1 15 0 17 6 22 12 12 16 16 1 15 15 22 22 22 100 12 18 16 0 15 19 3 22 14 100 18 18 18 4 19 19 19 14 14 6 6 18 20 4 20 19 2 23 14 6 10 10 20 20 20 2 23 23 23 100 10 10 4 4 8 8 8 3 23
100
7 7 1 4 4 20 100 20 4 4 7 1 1 1 15 20 20 20 100 22 6 6 1 15 15 0 18 22 22 22 6 14 1 0 15 18 18 18 22 2 14 14 0 17 17 0 18 21 3 21 9 14 13 13 17 17 2 21 21 21 9 7 7 13 13 17 19 8 8 8 9 7 16 16 0 19 19 19 23 3 0 12 12 16 16 6 19 23 23 23 12 12 100 100 16 6 6 5 5 23
100
