7 7 3 11 11 4 4 20 100 20 7 12 12 11 11 16 16 20 20 20 12 12 4 4 17 17 16 16 6 6 10 10 13 13 2 17 17 16 6 22 10 10 2 13 13 18 17 22 22 22 9 9 9 14 18 18 18 21 22 21 0 1 14 14 3 18 19 21 21 21 1 1 1 14 15 19 19 19 23 101 5 1 6 15 15 7 19 23 23 23 5 1 6 6 15 7 7 5 5 23
101
100 100 4 4 18 5 5 19 6 6 8 16 16 18 18 18 19 19 19 6 8 12 16 16 18 2 1 19 6 6 8 12 12 16 3 1 1 1 6 22 13 13 12 17 17 3 1 22 22 22 101 13 13 7 17 17 1 5 22 4 101 101 7 7 20 17 20 5 23 4 101 7 101 15 20 20 20 23 23 23 7 7 15 15 11 11 21 2 21 23 9 9 9 15 11 11 21 21 21 101
101
6 6 12 12 18 3 8 8 8 22 6 12 12 18 18 18 7 22 22 22 100 14 0 15 18 1 7 7 22 2 14 14 15 15 1 1 1 21 3 21 100 14 5 15 0 1 2 21 21 21 16 16 5 17 17 1 7 7 23 101 100 16 16 4 17 17 7 23 23 23 20 20 16 4 19 17 101 11 11 23 20 13 13 19 19 19 101 11 11 101 20 20 13 13 19 5 5 9 9 9
101
6 16 16 13 13 9 9 9 18 100 6 6 16 16 13 13 1 18 18 18 8 8 8 16 3 1 1 1 18 15 6 6 12 12 19 2 1 5 15 15 6 12 12 19 19 19 1 5 22 15 100 14 11 11 19 4 22 22 22 4 14 14 11 11 20 4 20 22 23 4 100 14 17 17 20 20 20 23 23 23 100 10 10 17 17 21 3 21 7 23 100 10 10 2 17 21 21 21 7 7
100
4 4 12 12 6 6 100 6 100 100 9 12 12 14 6 18 6 6 10 10 9 0 14 14 18 18 18 100 10 10 9 1 0 14 15 18 20 100 20 100 1 1 1 15 15 4 20 20 20 22 8 1 13 13 15 4 19 22 22 22 8 1 3 13 13 19 19 19 22 5 8 5 16 16 17 17 19 2 23 5 21 5 21 16 16 17 17 23 23 23 21 21 21 2 16 3 17 101 101 23
100
11 11 16 16 100 100 100 22 6 6 11 11 5 16 16 22 22 22 1 6 10 10 5 15 16 18 22 1 1 1 10 10 15 15 18 18 18 4 1 3 13 13 2 15 7 18 19 4 1 5 4 13 13 7 7 19 19 19 23 5 4 12 12 17 17 3 19 23 23 23 12 12 14 9 17 17 8 8 8 23 6 14 14 9 20 17 20 21 2 21 6 6 14 9 20 20 20 21 21 21
100
7 7 9 9 9 15 7 7 23 2 7 16 16 3 15 15 7 23 23 23 8 0 16 16 21 15 21 17 17 23 8 10 10 16 21 21 21 1 17 17 8 10 10 5 13 13 1 1 1 17 100 12 12 5 18 13 13 1 11 11 12 12 14 18 18 18 19 1 11 11 4 14 14 100 18 19 19 19 3 22 4 6 14 20 2 20 19 22 22 22 6 6 100 20 20 20 4 4 22 100
101
11 11 13 13 101 101 101 101 5 5 11 11 1 13 13 101 7 9 9 9 6 1 1 1 15 7 7 21 101 21 6 6 1 15 15 101 19 21 21 21 16 16 1 4 15 19 19 19 3 22 2 16 16 4 12 12 19 22 22 22 10 10 16 12 12 20 3 20 22 5 10 10 14 17 17 20 20 20 23 5 6 14 14 7 17 17 2 23 23 23 6 6 14 7 7 17 8 8 8 23
101
6 6 16 16 4 4 1 17 17 101 6 10 10 16 16 1 1 1 17 17 100 10 10 20 16 20 1 3 19 17 100 100 14 20 20 20 1 19 19 19 8 14 14 3 15 5 5 22 19 101 8 2 14 15 15 22 22 22 23 101 8 12 12 6 15 4 22 23 23 23 12 12 6 6 18 4 9 9 9 23 7 13 13 18 18 18 21 101 21 5 7 7 13 13 18 2 21 21 21 5
100
2 5 5 15 16 16 4 4 19 3 10 10 15 15 4 16 16 19 19 19 10 10 3 15 4 1 16 21 19 21 100 12 12 23 1 1 1 21 21 21 12 12 23 23 23 1 9 9 9 22 8 8 8 14 23 1 18 22 22 22 17 17 14 14 2 18 18 18 22 6 101 17 17 14 7 7 18 100 6 6 13 13 17 5 20 7 20 100 100 6 101 13 13 5 20 20 20 100 6 6
100
10 10 100 100 100 4 4 8 8 8 10 10 16 16 100 100 6 4 4 22 100 14 6 16 16 6 6 22 22 22 14 14 6 6 16 18 100 12 22 100 0 14 17 17 18 18 18 12 12 100 11 11 3 17 17 18 5 20 12 20 11 11 15 2 17 19 5 20 20 20 101 15 15 9 19 19 19 3 23 2 13 13 15 9 21 19 21 23 23 23 101 13 13 9 21 21 21 5 5 23
100
13 13 7 7 2 1 3 21 101 21 5 13 13 7 1 1 1 21 21 21 5 12 12 15 9 1 4 4 19 3 12 12 15 15 9 1 18 19 19 19 100 14 4 15 9 18 18 18 19 22 14 14 4 17 17 2 18 22 22 22 100 14 7 7 17 17 6 6 22 5 100 16 16 7 20 17 20 6 23 5 10 10 16 16 20 20 20 23 23 23 10 10 100 16 100 100 8 8 8 23
100
101 7 101 15 8 8 8 20 100 20 7 7 15 15 0 18 2 20 20 20 5 10 10 15 18 18 18 5 5 22 5 10 10 4 4 18 19 22 22 22 9 9 9 16 16 19 19 19 22 2 0 14 11 11 16 16 19 21 3 21 14 14 11 11 3 16 1 21 21 21 12 14 0 17 17 1 1 1 23 101 12 12 13 13 17 17 1 23 23 23 100 12 0 13 13 17 1 4 4 23
101
7 7 12 12 9 9 9 21 101 21 7 12 12 14 0 18 2 21 21 21 6 6 14 14 18 18 18 2 23 101 6 13 13 14 0 18 19 23 23 23 4 4 13 13 15 19 19 19 1 23 8 11 11 15 15 0 19 1 1 1 8 11 11 0 15 20 3 20 1 3 8 16 16 17 17 20 20 20 1 22 10 10 16 16 17 17 7 22 22 22 10 10 100 16 0 17 7 7 22 100
101
10 10 17 17 101 101 19 9 9 9 10 10 0 17 17 19 19 19 2 22 0 16 16 0 17 18 19 22 22 22 11 11 16 16 18 18 18 2 22 14 11 11 0 16 20 18 20 5 14 14 0 12 12 1 20 20 20 5 23 14 12 12 1 1 1 4 4 23 23 23 8 8 8 1 0 15 21 3 21 23 7 13 13 1 15 15 21 21 21 7 7 7 13 13 3 15 5 5 7 7
101
12 14 14 14 8 8 8 20 2 20 12 12 14 18 16 16 3 20 20 20 100 12 18 18 18 16 16 9 9 9 4 10 10 18 17 17 16 21 101 21 4 10 10 1 3 17 17 21 21 21 13 13 1 1 1 2 17 22 7 7 101 13 13 1 5 22 22 22 23 7 7 7 15 1 5 19 22 23 23 23 7 15 15 6 19 19 19 11 11 23 5 5 15 6 6 19 101 11 11 101
101
7 7 0 13 13 0 20 100 20 100 8 7 14 6 13 13 20 20 20 22 8 14 14 6 6 17 17 22 22 22 8 0 14 16 16 2 17 17 22 4 0 1 5 5 16 16 3 17 23 4 1 1 1 11 11 16 18 23 23 23 5 1 4 11 11 18 18 18 19 23 5 1 4 12 12 15 18 19 19 19 10 10 12 12 15 15 2 21 19 21 10 10 9 9 9 15 3 21 21 21
0
4 4 11 11 20 100 20 9 9 9 10 10 11 11 20 20 20 3 23 101 10 10 16 16 13 13 0 23 23 23 100 12 12 16 16 13 13 22 3 23 12 12 14 4 16 22 22 22 7 7 5 14 14 4 18 0 22 2 1 7 5 15 14 18 18 18 19 1 1 1 15 15 17 17 18 19 19 19 1 2 5 15 7 17 17 6 19 21 1 21 5 7 7 101 17 6 6 21 21 21
101
9 13 13 0 17 17 5 5 7 7 9 0 13 13 18 17 17 21 7 21 9 1 2 18 18 18 17 21 21 21 1 1 1 7 18 6 6 2 23 101 0 1 7 7 20 6 20 23 23 23 6 1 0 14 20 20 20 19 3 23 6 6 14 14 4 4 19 19 19 8 12 16 16 14 0 15 3 19 22 8 12 12 16 16 15 15 22 22 22 8 100 12 100 16 0 15 0 22 4 4
100
7 7 12 12 14 8 8 8 22 2 7 12 12 14 14 2 22 22 22 5 9 0 6 6 14 18 3 22 23 5 9 13 13 6 18 18 18 23 23 23 9 0 13 13 20 18 20 17 17 23 10 10 0 15 20 20 20 1 17 17 10 10 15 15 3 19 1 1 1 17 100 16 16 15 19 19 19 1 7 7 4 4 16 16 6 19 21 1 21 7 100 4 4 16 6 6 21 21 21 101
100
7 13 13 101 9 9 9 1 4 4 7 7 13 13 17 17 1 1 1 15 16 16 14 14 14 17 17 1 15 15 2 16 16 14 2 19 17 1 6 15 6 6 16 8 19 19 19 6 6 22 6 12 12 8 20 19 20 22 22 22 12 12 18 8 20 20 20 4 22 5 3 18 18 18 21 3 21 4 23 5 11 11 18 7 21 21 21 23 23 23 11 11 7 7 101 101 101 5 5 23
101
5 5 15 3 1 8 8 8 22 2 101 15 15 1 1 1 22 22 22 6 13 13 15 4 1 5 5 22 6 6 7 13 13 4 1 12 12 21 3 21 7 7 17 17 12 12 19 21 21 21 14 14 14 17 17 19 19 19 7 7 4 14 6 6 17 18 19 2 23 7 4 16 16 6 18 18 18 23 23 23 10 10 16 16 20 18 20 11 11 23 10 10 100 16 20 20 20 11 11 101
100
8 8 8 1 9 9 9 21 101 21 4 12 1 1 1 0 18 21 21 21 4 12 12 1 6 18 18 18 2 22 10 10 12 1 6 6 18 22 22 22 10 10 14 0 17 17 2 20 22 20 0 14 14 16 16 17 17 20 20 20 11 11 14 7 16 16 17 3 23 3 11 11 7 7 15 16 19 23 23 23 101 13 13 15 15 19 19 19 7 23 5 5 13 13 15 101 19 7 7 101
101
101 13 0 12 12 10 10 21 101 21 13 13 12 12 1 10 10 21 21 21 13 17 17 1 1 1 19 15 15 15 7 7 17 17 1 19 19 19 15 22 7 14 4 17 1 2 19 22 22 22 14 14 4 23 3 20 3 20 22 6 100 14 23 23 23 20 20 20 6 6 100 16 16 2 23 18 100 4 4 6 100 100 16 16 18 18 18 100 6 6 100 100 100 16 100 18 100 8 8 8
100
100 6 100 14 100 10 10 20 100 20 6 6 14 14 100 10 10 20 20 20 8 8 8 14 6 6 100 4 4 22 100 12 12 3 15 6 18 22 22 22 12 12 2 15 15 18 18 18 22 4 0 1 16 16 15 5 18 2 23 4 1 1 1 16 16 5 19 23 23 23 9 1 5 5 16 19 19 19 101 23 9 1 11 11 13 13 19 21 101 21 9 3 11 11 101 13 13 21 21 21
100
100 10 10 2 17 17 101 101 19 101 6 10 10 14 5 17 17 19 19 19 6 6 14 14 5 18 17 21 19 21 13 13 3 14 18 18 18 21 21 21 8 13 13 15 20 18 20 5 5 22 8 0 15 15 20 20 20 22 22 22 8 12 12 15 3 1 7 7 22 4 12 12 16 16 1 1 1 7 23 4 4 4 6 16 16 1 2 23 23 23 100 6 6 100 16 1 9 9 9 23
100
101 5 5 15 7 7 21 101 21 5 11 11 15 15 7 1 21 21 21 5 11 11 101 15 1 1 1 2 12 12 13 13 17 17 3 1 9 12 12 22 0 13 13 17 17 1 9 22 22 22 14 14 14 18 17 20 9 20 22 4 4 14 18 18 18 20 20 20 23 4 4 16 16 18 8 2 19 23 23 23 10 10 16 16 8 19 19 19 7 23 10 10 100 16 8 3 19 7 7 101
101
5 5 15 7 7 12 12 8 8 8 101 15 15 7 12 12 20 100 20 4 11 11 15 1 17 17 20 20 20 4 11 11 1 1 1 17 17 4 4 22 2 6 6 1 3 18 17 22 22 22 100 14 6 1 18 18 18 21 22 21 14 14 2 7 7 18 19 21 21 21 100 14 16 16 7 19 19 19 23 3 100 10 10 16 16 5 19 23 23 23 100 10 10 100 16 5 9 9 9 23
100
11 11 101 15 9 9 9 8 8 8 11 11 15 15 0 18 3 20 100 20 0 16 16 15 18 18 18 20 20 20 22 22 16 16 2 18 21 2 21 3 4 22 22 16 17 17 21 21 21 4 4 22 1 6 6 17 17 101 23 4 5 1 1 1 6 19 17 23 23 23 5 14 1 0 19 19 19 101 7 23 14 14 1 13 13 19 101 7 7 7 100 14 5 5 13 13 101 101 7 7
101
101 11 11 101 15 4 21 101 21 8 101 11 11 15 15 4 21 21 21 8 7 7 12 12 15 18 4 4 1 8 7 12 12 14 18 18 18 1 1 1 5 5 14 14 100 18 22 3 1 2 9 13 13 14 22 22 22 20 1 20 9 0 13 13 0 22 19 20 20 20 9 16 16 17 17 19 19 19 23 3 10 10 16 16 17 17 19 23 23 23 10 10 100 16 2 17 101 5 5 23
101
100 6 16 16 3 9 9 9 19 101 6 6 100 16 16 0 1 19 19 19 20 20 10 10 16 1 1 1 19 3 100 20 10 10 18 2 1 5 5 22 20 20 14 18 18 18 1 22 22 22 12 14 14 6 18 21 2 21 22 4 12 12 14 6 6 21 21 21 23 4 8 12 15 17 17 5 5 23 23 23 8 15 15 7 17 17 7 13 13 23 8 0 15 7 7 17 7 7 13 13
100
6 6 3 15 20 100 20 8 8 8 6 14 15 15 20 20 20 100 22 3 14 14 6 15 7 7 22 22 22 9 5 14 6 6 19 7 21 22 21 9 5 17 17 19 19 19 21 21 21 9 16 16 17 17 19 5 5 12 12 4 100 16 16 17 2 1 12 12 23 4 4 4 16 18 1 1 1 23 23 23 10 10 18 18 18 1 7 13 13 23 10 10 100 18 2 1 7 7 13 13
100
100 100 12 17 17 7 7 9 9 9 100 6 12 12 17 17 7 21 101 21 6 6 6 12 14 17 18 21 21 21 100 6 6 14 14 18 18 18 3 22 100 100 16 16 14 100 18 22 22 22 8 8 8 16 16 20 2 20 22 4 4 10 10 5 16 20 20 20 23 4 4 10 10 5 15 2 19 23 23 23 7 13 13 15 15 19 19 19 3 23 7 7 13 13 15 101 19 101 5 5
100
9 101 13 13 5 5 7 101 19 101 9 17 17 13 13 7 7 19 19 19 9 0 17 17 101 23 101 21 19 21 0 1 0 17 23 23 23 21 21 21 1 1 1 15 7 7 23 2 2 22 8 1 15 15 20 7 20 22 22 22 8 1 3 15 20 20 20 100 22 4 8 12 12 14 3 18 100 16 16 4 12 12 14 14 18 18 18 6 16 16 100 4 4 14 100 18 6 6 100 16
101
6 6 9 9 9 18 100 10 10 100 6 1 13 13 18 18 18 10 10 22 1 1 1 13 13 18 14 22 22 22 8 1 6 17 17 14 14 3 22 3 8 1 6 6 17 17 14 21 2 21 8 12 12 7 7 17 19 21 21 21 12 12 16 16 7 19 19 19 23 101 100 100 100 16 16 0 19 23 23 23 100 100 4 4 16 20 2 20 7 23 100 100 100 4 4 20 20 20 7 7
100
100 12 12 6 6 18 6 6 100 100 12 12 14 6 18 18 18 6 10 10 0 14 14 17 17 18 8 100 10 10 11 11 14 4 17 17 8 100 100 22 11 11 15 4 1 17 8 22 22 22 7 15 15 1 1 1 19 3 22 4 7 7 15 0 1 19 19 19 23 4 13 13 16 16 1 2 19 23 23 23 5 13 13 16 16 5 20 2 20 23 5 9 9 9 16 5 20 20 20 3
100
101 5 5 15 8 8 8 10 10 100 13 13 15 15 2 18 100 10 10 22 101 13 13 15 18 18 18 22 22 22 11 11 4 4 1 18 5 20 22 20 11 11 14 1 1 1 5 20 20 20 7 14 14 4 1 2 19 9 9 9 7 7 14 4 1 19 19 19 23 101 12 16 16 17 17 3 19 23 23 23 12 12 16 16 17 17 21 101 21 23 100 12 100 16 3 17 21 21 21 101
101
101 9 101 15 8 8 8 6 6 100 101 9 15 15 0 18 100 20 6 20 5 9 14 15 18 18 18 20 20 20 5 14 14 17 17 18 3 21 2 21 4 4 14 1 17 17 5 21 21 21 11 11 1 1 1 17 5 22 6 6 11 11 0 1 0 22 22 22 23 6 0 16 16 1 3 19 22 23 23 23 13 13 16 16 19 19 19 12 12 23 101 13 13 16 2 19 12 12 4 4
100
6 6 16 16 7 7 8 8 8 22 6 11 11 16 16 7 1 22 22 22 0 11 11 5 16 1 1 1 22 2 14 14 14 5 18 3 1 20 3 20 5 14 15 18 18 18 1 20 20 20 5 15 15 0 18 21 2 21 6 6 12 0 15 13 13 21 21 21 23 6 12 12 17 17 13 13 19 23 23 23 4 12 0 17 17 19 19 19 7 23 4 9 9 9 17 101 19 7 7 101
101
9 10 10 0 17 17 3 7 7 3 9 10 10 14 5 17 17 20 7 20 9 0 14 14 5 18 17 20 20 20 13 13 0 14 18 18 18 5 5 22 0 13 13 15 4 18 2 22 22 22 6 6 15 15 4 12 12 21 22 21 6 1 0 15 12 12 19 21 21 21 1 1 1 16 16 19 19 19 23 101 4 1 11 11 16 16 19 23 23 23 4 1 11 11 2 16 8 8 8 23
0
6 6 11 11 5 5 20 100 20 100 6 1 11 11 16 16 20 20 20 100 1 1 1 4 4 16 16 4 4 22 9 1 13 13 17 17 16 22 22 22 9 1 2 13 13 17 17 21 22 21 9 12 12 14 2 18 17 21 21 21 12 12 14 14 18 18 18 3 23 101 100 100 8 14 15 18 19 23 23 23 10 10 8 15 15 19 19 19 7 23 10 10 8 3 15 101 19 7 7 101
100
101 9 9 9 17 17 101 7 7 101 11 11 13 13 101 17 17 21 7 21 11 11 0 13 13 19 17 21 21 21 2 16 16 0 19 19 19 5 5 22 6 6 16 16 2 19 1 22 22 22 6 10 10 16 18 1 1 1 22 15 100 10 10 18 18 18 1 4 15 15 100 12 12 14 18 3 1 4 23 15 12 12 14 14 20 3 20 23 23 23 8 8 8 14 20 20 20 4 4 23
100
7 7 101 101 5 5 19 9 9 9 7 13 13 17 17 19 19 19 3 22 11 11 13 13 17 17 19 22 22 22 11 11 0 14 20 17 20 8 22 15 12 0 14 14 20 20 20 8 15 15 12 12 0 14 1 2 21 8 21 15 4 12 18 1 1 1 21 21 21 101 4 18 18 18 1 2 16 16 23 101 10 10 18 6 1 16 16 23 23 23 10 10 100 6 6 16 3 5 5 23
101
6 6 14 13 13 101 101 9 9 9 6 14 14 3 13 13 21 101 21 5 10 10 14 7 7 18 21 21 21 5 10 10 0 7 18 18 18 4 4 22 0 12 16 16 3 18 19 22 22 22 5 12 12 16 16 19 19 19 22 15 5 1 12 2 16 20 19 20 15 15 1 1 1 17 17 20 20 20 23 15 4 1 11 11 17 17 2 23 23 23 4 1 11 11 101 17 8 8 8 23
0
14 14 14 11 11 7 7 21 101 21 100 14 0 11 11 18 7 21 21 21 16 16 13 13 18 18 18 5 5 22 8 16 16 13 13 18 19 22 22 22 8 4 16 0 15 19 19 19 22 5 8 4 1 15 15 0 19 2 23 5 0 1 1 1 15 6 6 23 23 23 12 0 1 17 17 6 20 3 20 23 12 12 1 6 17 17 20 20 20 2 100 12 6 6 0 17 3 9 9 9
101
10 10 9 9 9 19 101 7 7 101 10 10 16 16 19 19 19 21 7 21 0 13 13 16 16 19 4 21 21 21 11 11 13 13 16 20 4 20 7 7 11 11 0 17 17 20 20 20 7 22 0 12 12 15 17 17 2 22 22 22 12 12 15 15 2 17 1 3 22 5 8 0 14 15 18 1 1 1 23 5 8 14 14 18 18 18 1 23 23 23 8 100 14 100 18 3 1 4 4 23
101
100 6 11 11 20 100 20 17 17 101 6 6 11 11 20 20 20 22 17 17 10 10 13 13 3 22 22 22 23 17 10 10 0 13 13 15 22 23 23 23 100 12 12 0 15 15 5 5 1 23 12 12 16 16 2 15 19 1 1 1 4 4 6 16 16 19 19 19 1 2 100 6 6 14 16 18 19 21 1 21 4 4 14 14 18 18 18 21 21 21 8 8 8 14 100 18 3 9 9 9
100
101 7 11 11 17 17 5 5 19 101 7 7 11 11 23 17 17 19 19 19 9 9 9 23 23 23 17 21 19 21 13 13 15 15 15 23 18 21 21 21 5 13 13 15 14 18 18 18 3 22 5 1 2 14 14 100 18 22 22 22 1 1 1 2 14 20 100 20 22 6 8 1 3 16 16 20 20 20 6 6 8 1 12 12 16 16 100 6 10 10 8 12 12 4 4 16 6 6 10 10
100
6 6 12 12 17 17 7 7 101 7 6 12 12 16 16 17 17 7 7 7 8 100 14 5 16 16 17 21 101 21 8 14 14 5 15 16 19 21 21 21 8 0 14 15 15 19 19 19 2 22 9 9 9 20 15 20 19 22 22 22 101 11 11 20 20 20 1 3 22 4 101 11 11 3 18 1 1 1 23 4 101 13 13 18 18 18 1 23 23 23 101 101 13 13 18 2 1 5 5 23
101
6 6 12 12 16 16 4 9 9 9 6 12 12 16 16 1 4 21 101 21 5 17 17 16 1 1 1 21 21 21 5 7 17 17 3 1 3 14 14 14 7 7 15 17 18 1 8 2 14 22 0 15 15 18 18 18 8 22 22 22 10 10 15 0 18 20 8 20 22 5 10 10 0 19 2 20 20 20 23 5 11 11 19 19 19 13 13 23 23 23 11 11 101 19 101 101 13 13 101 23
101
8 8 8 9 9 9 5 5 11 11 4 10 10 17 17 101 101 7 11 11 4 10 10 14 17 17 7 7 23 101 16 16 14 14 4 17 19 23 23 23 100 16 16 14 4 19 19 19 7 23 6 6 16 2 18 2 19 1 7 7 6 12 12 18 18 18 1 1 1 15 12 12 3 20 18 20 3 1 15 15 6 13 13 20 20 20 21 1 21 15 6 6 13 13 5 5 21 21 21 101
101
6 6 9 9 9 21 101 21 7 7 6 13 13 17 17 21 21 21 23 7 5 5 13 13 17 17 2 23 23 23 10 10 3 15 20 17 20 16 16 23 10 10 15 15 20 20 20 1 16 16 8 11 11 15 18 3 1 1 1 16 8 11 11 18 18 18 5 1 7 7 8 12 12 14 18 19 5 1 7 22 12 12 14 14 19 19 19 22 22 22 100 4 4 14 2 19 4 4 22 100
101
5 10 10 16 16 100 20 100 20 100 5 10 10 0 16 16 20 20 20 22 12 0 13 13 0 16 15 22 22 22 12 12 0 13 13 15 15 2 22 2 4 12 11 11 17 17 15 21 3 21 4 1 11 11 18 17 17 21 21 21 1 1 1 18 18 18 17 101 23 101 5 1 0 14 18 3 19 23 23 23 5 1 14 14 6 19 19 19 7 23 9 9 9 14 6 6 19 7 7 101
101
13 13 5 5 12 12 4 15 15 15 0 13 13 12 12 19 4 20 15 20 0 14 17 17 19 19 19 20 20 20 14 14 2 17 17 19 5 21 3 21 100 14 6 6 17 1 5 21 21 21 100 16 16 6 1 1 1 2 22 9 100 6 16 16 3 1 22 22 22 9 6 6 100 16 18 1 4 22 23 9 100 10 10 18 18 18 4 23 23 23 100 10 10 100 18 100 8 8 8 23
100
100 12 12 1 5 5 21 101 21 9 12 12 1 1 1 15 21 21 21 9 13 13 0 1 15 15 20 3 20 9 0 13 13 1 2 15 20 20 20 22 6 6 14 0 18 17 17 22 22 22 6 14 14 18 18 18 17 17 22 4 10 10 14 0 18 7 2 17 23 4 10 10 16 16 7 7 19 23 23 23 100 6 100 16 16 19 19 19 7 23 6 6 4 4 16 3 19 7 7 101
100
8 8 8 16 16 15 15 15 5 5 100 12 12 7 16 16 15 9 9 9 12 12 14 7 7 16 19 101 11 11 100 14 14 17 17 19 19 19 11 11 4 4 14 18 17 17 19 21 101 21 100 6 18 18 18 17 22 21 21 21 6 6 6 18 22 22 22 2 23 101 100 6 6 4 4 22 2 23 23 23 100 10 10 20 100 20 13 13 101 23 100 10 10 20 20 20 3 13 13 3
100
10 10 4 4 4 4 19 9 9 9 10 10 12 12 18 19 19 19 3 22 100 12 12 18 18 18 19 22 22 22 6 6 5 5 18 0 1 3 22 15 6 13 13 16 16 1 1 1 15 15 7 7 13 13 16 16 1 2 23 15 7 11 11 17 17 16 1 23 23 23 5 11 11 14 17 17 8 8 8 23 5 7 14 14 20 17 20 21 2 21 7 7 0 14 20 20 20 21 21 21
101
5 5 13 13 101 7 7 7 7 101 9 16 16 13 13 19 7 21 7 21 9 2 16 16 19 19 19 21 21 21 9 14 4 16 1 19 4 4 12 12 14 14 4 1 1 1 15 12 12 22 5 14 23 2 1 15 15 22 22 22 5 23 23 23 1 20 15 20 22 6 8 17 3 23 18 20 20 20 6 6 8 17 17 18 18 18 100 6 10 10 8 3 17 17 18 100 6 6 10 10
100
100 14 6 13 13 4 4 20 100 20 14 14 6 6 13 13 18 20 20 20 0 14 0 1 0 18 18 18 100 22 11 11 1 1 1 2 18 22 22 22 11 11 0 1 0 15 7 7 22 2 0 12 12 1 15 15 7 21 3 21 12 12 9 9 9 15 19 21 21 21 100 16 16 17 17 19 19 19 23 101 10 10 16 16 17 17 19 23 23 23 10 10 100 16 3 17 101 5 5 23
101
100 12 12 9 9 9 1 13 13 101 12 12 16 16 3 1 1 1 13 13 8 100 14 16 16 2 1 21 3 21 8 14 14 0 16 19 1 21 21 21 8 15 14 23 19 19 19 5 5 22 15 15 23 23 23 19 4 22 22 22 101 15 10 10 23 20 4 20 22 6 17 17 10 10 18 20 20 20 6 6 7 17 17 18 18 18 100 4 4 6 7 7 17 2 18 100 100 100 6 6
100
101 11 11 14 14 14 20 100 20 4 7 11 11 15 14 0 20 20 20 4 7 7 15 15 0 18 2 21 3 21 10 10 0 15 18 18 18 21 21 21 10 10 1 16 16 18 9 9 9 22 0 1 1 1 16 16 3 22 22 22 12 0 1 4 4 16 19 2 22 5 12 12 1 17 17 19 19 19 23 5 100 12 13 13 17 17 19 23 23 23 8 8 8 13 13 17 101 5 5 23
101
6 6 12 12 5 5 19 101 101 7 6 12 12 16 16 19 19 19 7 7 10 10 6 6 16 16 19 21 101 21 10 10 1 6 0 16 18 21 21 21 5 1 1 1 15 18 18 18 2 22 5 14 1 15 15 3 18 22 22 22 14 14 1 0 15 20 2 20 22 4 0 14 0 17 17 20 20 20 23 4 11 11 13 13 17 17 3 23 23 23 11 11 101 13 13 17 9 9 9 23
101
0 10 10 4 4 18 3 21 101 21 0 10 10 1 18 18 18 21 21 21 11 11 1 1 1 18 13 4 4 22 11 11 9 1 5 13 13 22 22 22 0 14 9 1 5 13 19 3 22 2 14 14 9 17 17 19 19 19 23 2 100 14 16 16 17 17 19 23 23 23 100 6 100 16 16 17 15 15 15 23 6 6 12 12 16 0 20 15 20 5 100 12 12 8 8 8 20 20 20 5
100
101 101 13 13 17 17 101 21 101 21 9 9 9 13 13 17 17 21 21 21 7 7 12 12 14 20 17 20 6 6 7 12 12 14 14 20 20 20 6 22 10 10 4 4 14 2 18 22 22 22 10 10 1 16 16 18 18 18 22 5 6 1 1 1 16 16 18 2 23 5 6 6 1 3 15 16 19 23 23 23 11 11 1 15 15 19 19 19 7 23 11 11 5 5 15 101 19 7 7 3
101
6 6 100 22 13 13 5 5 19 101 6 22 22 22 14 13 13 19 19 19 6 6 22 14 14 3 15 101 19 101 6 1 7 7 14 15 15 9 9 9 1 1 1 7 17 17 15 21 101 21 0 1 5 11 11 17 17 21 21 21 8 1 5 11 11 18 17 2 23 101 8 0 16 16 18 18 18 23 23 23 8 12 12 16 16 18 20 3 20 23 12 12 4 4 16 100 20 20 20 2
101
101 101 13 13 101 7 7 7 7 101 11 11 101 13 13 19 7 21 7 21 11 11 17 17 19 19 19 21 21 21 0 16 16 17 17 19 5 20 2 20 6 6 16 16 17 1 5 20 20 20 6 12 12 16 1 1 1 3 22 9 12 12 100 18 3 1 22 22 22 9 100 14 18 18 18 1 15 22 23 9 14 14 4 18 2 15 15 23 23 23 100 14 4 8 8 8 15 5 5 23
101
4 4 6 6 0 15 3 8 8 8 100 12 12 6 15 15 20 2 20 100 12 12 0 13 13 15 20 20 20 22 6 6 14 0 13 13 18 22 22 22 6 14 14 16 16 18 18 18 22 2 7 7 14 0 16 16 18 21 3 21 7 1 9 9 9 16 19 21 21 21 1 1 1 17 17 19 19 19 23 101 5 1 11 11 17 17 19 23 23 23 5 1 11 11 101 17 101 5 5 23
101
100 12 12 16 16 8 8 8 7 7 12 12 16 16 2 1 2 21 7 21 100 14 16 18 1 1 1 21 21 21 14 14 18 18 18 1 13 13 4 4 4 14 0 18 6 1 15 13 13 22 4 17 17 6 6 15 15 22 22 22 11 11 17 17 3 20 15 20 22 5 11 11 101 17 19 20 20 20 23 5 5 5 7 19 19 19 3 23 23 23 101 7 7 101 19 101 9 9 9 23
101
11 11 8 8 8 18 3 17 17 101 11 11 12 12 18 18 18 1 17 17 0 12 12 15 2 18 1 1 1 17 13 13 15 15 0 19 3 1 6 6 101 13 13 15 19 19 19 1 6 22 7 7 16 16 0 19 5 22 22 22 7 14 6 16 16 21 5 21 22 4 14 14 6 6 16 21 21 21 23 4 5 14 7 20 0 20 2 23 23 23 5 7 7 20 20 20 9 9 9 23
101
100 12 12 4 4 19 101 101 5 5 12 12 16 16 19 19 19 21 101 21 6 6 14 16 16 19 7 21 21 21 6 14 14 5 16 1 7 7 23 101 11 11 14 5 1 1 1 23 23 23 11 11 17 17 3 1 9 9 9 23 101 101 7 17 17 1 20 3 20 2 101 7 7 15 17 18 20 20 20 22 13 13 15 15 18 18 18 22 22 22 101 13 13 15 2 18 4 4 22 100
101
0 13 13 101 7 7 101 101 23 2 5 8 13 13 21 7 21 23 23 23 5 8 16 16 21 21 21 17 17 23 12 8 4 16 16 7 7 1 17 17 12 12 4 18 16 7 1 1 1 17 100 12 18 18 18 19 3 1 6 6 10 10 100 18 19 19 19 1 22 6 10 10 14 2 15 19 22 22 22 9 100 14 14 15 15 5 20 22 20 9 4 4 14 3 15 5 20 20 20 9
100
6 6 12 12 8 8 8 1 4 4 6 12 12 15 0 19 1 1 1 7 100 14 15 15 19 19 19 1 7 7 14 14 0 15 101 19 20 1 20 2 100 14 17 17 13 13 20 20 20 22 100 16 16 17 17 13 13 22 22 22 100 6 16 16 17 21 2 21 22 5 6 6 100 16 18 21 21 21 23 5 4 10 10 18 18 18 3 23 23 23 4 10 10 100 18 3 9 9 9 23
100
10 10 100 12 12 0 18 6 6 100 10 10 12 12 15 18 18 18 6 22 5 11 11 15 15 3 18 22 22 22 5 11 11 0 15 20 2 20 22 7 8 0 14 16 16 20 20 20 7 7 8 14 14 7 16 16 3 21 2 21 8 1 14 7 7 16 19 21 21 21 1 1 1 17 17 19 19 19 23 101 4 1 13 13 17 17 19 23 23 23 4 1 0 13 13 17 9 9 9 23
101
9 0 14 100 12 12 100 6 100 6 9 14 14 12 12 18 6 6 6 6 9 3 14 15 18 18 18 8 8 8 10 10 15 15 5 18 20 100 20 100 10 10 2 15 5 19 20 20 20 22 21 21 16 16 19 19 19 22 22 22 101 21 3 16 16 19 1 2 22 5 21 21 17 17 16 1 1 1 23 5 13 13 101 17 17 4 1 23 23 23 101 13 13 101 17 4 1 4 4 23
100
100 4 4 12 12 6 6 100 22 8 100 6 12 12 18 6 22 22 22 8 6 6 100 18 18 18 14 22 19 8 10 10 4 4 18 14 14 19 19 19 10 10 100 20 100 20 14 1 19 2 3 16 16 20 20 20 1 1 1 9 11 11 16 16 17 17 2 1 3 9 11 11 15 16 5 17 17 1 23 9 7 15 15 21 5 21 17 23 23 23 7 7 15 21 21 21 101 5 5 23
100
101 13 13 101 17 17 5 5 19 101 11 11 13 13 23 17 17 19 19 19 11 11 3 23 23 23 17 21 19 21 10 10 15 15 15 23 18 21 21 21 10 10 5 15 14 18 18 18 2 22 0 1 5 14 14 100 18 22 22 22 1 1 1 3 14 20 100 20 22 6 8 1 2 16 16 20 20 20 6 6 8 1 12 12 16 16 100 4 4 6 8 12 12 100 100 16 4 4 6 6
100
9 9 9 15 11 11 7 7 101 7 4 4 15 15 11 11 19 7 7 7 16 16 0 15 1 19 19 19 23 101 100 16 16 1 1 1 19 23 23 23 10 10 16 3 1 2 14 14 14 23 10 10 12 12 1 3 21 14 21 5 100 12 12 18 17 17 21 21 21 5 6 6 18 18 18 17 17 4 4 22 20 6 20 18 13 13 17 22 22 22 20 20 20 5 5 13 13 2 22 100
101
100 4 4 4 4 6 20 100 20 100 10 10 16 16 6 6 20 20 20 100 10 10 1 16 16 100 18 8 8 8 7 1 1 1 16 18 18 18 100 22 7 7 1 6 6 14 18 22 22 22 11 11 1 6 14 14 2 21 22 21 11 11 12 12 2 14 19 21 21 21 9 12 12 17 17 19 19 19 23 101 9 13 13 3 17 17 19 23 23 23 9 101 13 13 3 17 101 5 5 23
100
7 7 13 13 8 8 8 5 5 22 7 11 11 13 13 18 3 22 22 22 5 11 11 0 18 18 18 21 22 21 5 7 16 16 2 18 19 21 21 21 7 7 0 16 16 19 19 19 23 101 0 12 12 0 16 6 19 23 23 23 12 12 4 17 17 6 6 1 2 23 10 10 4 15 17 17 1 1 1 14 10 10 15 15 20 17 20 1 14 14 9 9 9 15 20 20 20 1 3 14
101
101 15 0 16 16 100 100 6 100 6 15 15 7 7 16 16 6 6 6 6 8 15 19 7 20 16 20 100 100 22 8 19 19 19 20 20 20 22 22 22 8 14 19 2 1 13 13 3 22 4 14 14 12 1 1 1 13 13 23 4 4 14 12 12 1 3 18 23 23 23 4 17 17 12 1 18 18 18 5 23 11 11 17 17 10 10 18 21 5 21 11 11 101 17 10 10 2 21 21 21
100
6 6 13 13 0 15 15 15 7 7 6 11 11 13 13 18 15 21 7 21 2 11 11 1 18 18 18 21 21 21 10 10 1 1 1 18 8 8 8 22 10 10 0 1 5 5 19 22 22 22 100 12 12 1 7 19 19 19 22 14 12 12 3 7 7 20 19 20 14 14 100 16 16 17 17 20 20 20 23 14 4 6 16 16 17 17 3 23 23 23 4 6 6 16 2 17 9 9 9 23
0
6 6 12 12 100 20 100 20 4 4 6 12 12 16 16 20 20 20 100 6 13 13 17 17 16 16 100 100 6 6 9 13 13 17 17 16 18 8 8 8 9 101 15 4 17 18 18 18 2 22 9 15 15 4 1 2 18 22 22 22 10 10 15 1 1 1 19 3 22 5 10 10 14 3 1 19 19 19 23 5 100 14 14 21 1 21 19 23 23 23 100 100 14 21 21 21 101 5 5 23
100
2 1 2 3 15 7 7 17 17 101 1 1 1 15 15 20 7 20 17 17 8 1 0 3 15 20 20 20 23 17 8 1 12 12 18 5 5 23 23 23 8 12 12 18 18 18 19 5 5 23 10 10 6 6 18 19 19 19 101 101 10 10 14 6 13 13 19 9 11 11 100 14 14 16 16 13 13 9 11 11 4 4 14 6 16 16 21 9 21 101 4 4 6 6 100 16 21 21 21 101
101
100 14 4 11 11 7 7 101 5 5 14 14 4 11 11 19 7 9 9 9 100 14 17 17 19 19 19 21 101 21 6 16 16 17 17 19 1 21 21 21 6 6 16 16 17 1 1 1 2 15 8 8 8 16 18 3 1 4 15 15 100 10 10 18 18 18 1 4 23 15 100 10 10 100 18 3 22 23 23 23 100 20 100 20 22 22 22 12 12 23 100 20 20 20 2 22 12 12 5 5
100
8 11 11 101 15 101 7 7 101 7 8 11 11 15 15 101 19 7 7 7 8 14 16 16 15 19 19 19 23 101 14 14 12 16 16 3 19 23 23 23 4 14 12 12 16 9 9 9 22 23 4 13 13 12 17 17 22 22 22 5 10 10 13 13 18 17 17 22 1 5 10 10 4 18 18 18 17 1 1 1 100 20 4 20 18 21 3 21 1 5 2 20 20 20 2 21 21 21 1 5
101
100 100 100 12 12 15 4 6 6 6 10 10 12 12 15 15 4 6 6 6 10 10 2 16 16 15 20 100 20 100 7 7 13 13 16 16 20 20 20 22 7 1 3 13 13 16 18 22 22 22 1 1 1 17 17 18 18 18 22 5 4 1 11 11 17 17 18 3 23 5 4 1 11 11 14 17 19 23 23 23 8 8 8 14 14 19 19 19 101 23 100 100 100 100 14 2 19 9 9 9
100
6 6 14 0 8 8 8 21 101 21 6 14 14 0 17 17 2 21 21 21 4 4 14 0 15 17 17 4 4 22 12 13 13 15 15 0 17 22 22 22 12 12 13 13 15 0 18 3 22 5 0 12 1 16 16 18 18 18 23 5 7 1 1 1 16 16 18 23 23 23 7 7 1 9 0 16 5 5 19 23 11 11 1 9 20 3 20 19 19 19 11 11 0 9 20 20 20 2 19 101
101
11 11 2 3 12 12 2 19 5 5 11 11 1 12 12 18 19 19 19 14 6 1 1 1 18 18 18 19 14 14 6 6 1 5 5 18 21 3 21 14 10 10 1 23 17 17 21 21 21 22 10 10 23 23 23 17 17 22 22 22 13 13 4 4 23 20 17 20 22 100 9 13 13 16 16 20 20 20 100 6 9 15 15 15 16 16 100 100 6 6 9 101 15 4 4 16 100 8 8 8
100
100 10 10 100 4 4 22 13 13 101 6 10 10 14 22 22 22 5 13 13 6 6 14 14 21 22 21 5 23 101 16 16 0 14 21 21 21 23 23 23 100 16 16 0 8 8 8 17 17 23 6 6 16 20 3 20 2 1 17 17 6 12 12 20 20 20 1 1 1 17 12 12 18 4 4 19 3 1 2 15 100 18 18 18 19 19 19 1 15 15 100 100 18 5 5 19 9 9 9 15
100
5 11 11 8 16 16 100 20 100 20 5 11 11 8 0 16 16 20 20 20 0 1 0 8 17 17 16 21 2 21 1 1 1 12 12 17 17 21 21 21 5 1 12 12 0 15 17 3 23 101 5 1 0 14 15 15 2 23 23 23 10 10 14 14 3 15 19 6 6 23 10 10 100 14 18 19 19 19 6 22 4 4 6 18 18 18 19 22 22 22 100 6 6 100 18 9 9 9 22 100
100
7 7 2 11 11 101 15 5 5 7 7 16 16 11 11 15 15 101 7 7 8 12 16 16 17 17 15 101 23 101 8 12 12 16 14 17 17 23 23 23 8 1 12 14 14 3 17 19 101 23 1 1 1 20 14 20 19 19 19 5 4 1 3 20 20 20 21 19 21 5 4 1 9 9 9 18 21 21 21 22 10 10 13 13 18 18 18 22 22 22 10 10 2 13 13 18 4 4 22 100
101
9 9 9 15 5 8 8 8 100 100 11 11 15 15 5 18 6 6 10 10 11 11 0 15 18 18 18 6 10 10 0 12 12 1 2 18 20 100 20 100 12 12 1 1 1 7 20 20 20 22 13 13 0 1 7 7 19 22 22 22 4 13 13 1 3 19 19 19 22 4 4 14 16 16 17 17 19 3 23 4 14 14 6 16 16 17 17 23 23 23 100 14 6 6 16 2 17 5 5 23
100
