4 4 100 100 12 6 6 21 101 21 2 14 14 14 12 12 6 21 21 21 11 11 14 6 6 12 18 8 8 8 11 11 16 16 6 18 18 18 100 22 13 13 3 16 16 100 18 22 22 22 101 13 13 1 16 20 100 20 22 4 7 7 1 1 1 20 20 20 23 4 7 15 2 1 7 7 19 23 23 23 15 15 5 1 7 19 19 19 3 23 101 15 5 9 9 9 19 101 5 5
100
4 4 13 13 9 9 9 21 101 21 12 6 6 13 13 18 0 21 21 21 12 12 6 1 18 18 18 3 22 3 0 12 1 1 1 18 22 22 22 15 7 7 0 1 8 8 8 22 15 15 7 16 16 1 14 20 100 20 2 15 16 16 0 14 14 20 20 20 23 2 16 0 17 17 14 0 19 23 23 23 5 11 11 17 17 19 19 19 7 23 5 11 11 101 17 101 19 7 7 101
101
100 100 4 4 18 2 8 21 101 21 100 16 16 18 18 18 8 21 21 21 100 100 16 16 18 15 8 19 7 7 100 10 10 16 15 15 19 19 19 7 100 10 10 14 20 15 20 19 3 22 6 6 14 14 20 20 20 22 22 22 6 12 12 14 3 1 6 6 22 4 12 12 17 17 1 1 1 6 23 4 7 13 13 17 17 1 2 23 23 23 7 7 13 13 17 1 9 9 9 23
100
5 5 13 13 101 9 9 9 11 11 12 16 16 13 13 19 5 5 11 11 12 12 16 16 19 19 19 21 101 21 100 12 14 16 0 19 1 21 21 21 100 14 14 17 17 1 1 1 3 15 100 6 14 18 17 17 1 4 15 15 6 6 18 18 18 17 1 4 23 15 8 8 8 18 2 22 0 23 23 23 4 10 10 22 22 22 20 2 20 23 4 10 10 100 22 100 20 20 20 3
100
100 100 12 12 16 16 100 4 4 6 100 12 12 14 3 16 16 100 6 6 6 6 14 14 17 17 16 20 100 20 6 13 0 14 1 17 17 20 20 20 13 13 8 1 1 1 17 22 7 7 13 15 8 2 1 22 22 22 23 7 15 15 8 19 1 2 22 23 23 23 0 15 19 19 19 18 9 9 9 23 4 10 10 19 18 18 18 21 101 21 4 10 10 5 5 18 3 21 21 21
100
100 6 9 9 9 3 20 100 20 8 6 6 13 13 17 17 20 20 20 8 0 10 10 13 13 17 17 11 11 8 5 10 10 15 2 18 17 11 11 22 5 1 15 15 18 18 18 22 22 22 1 1 1 15 14 18 3 21 22 21 0 1 0 14 14 2 19 21 21 21 4 1 16 16 14 19 19 19 23 101 4 12 12 16 16 7 19 23 23 23 12 12 4 4 16 7 7 5 5 23
0
9 9 9 17 17 2 20 100 20 4 0 16 16 0 17 17 20 20 20 4 12 0 16 16 0 17 1 14 14 14 12 12 5 16 18 1 1 1 14 22 0 12 5 18 18 18 1 22 22 22 11 11 13 13 18 3 1 21 22 21 11 11 7 13 13 6 6 21 21 21 101 7 7 15 3 19 6 2 23 101 101 7 15 15 19 19 19 23 23 23 7 7 101 15 101 19 101 5 5 23
101
5 5 11 11 9 9 9 20 100 20 10 10 11 11 15 3 18 20 20 20 10 10 1 15 15 18 18 18 100 22 0 1 1 1 15 2 18 22 22 22 6 6 1 0 17 17 2 21 22 21 12 6 1 16 16 17 17 21 21 21 12 12 0 14 16 16 17 101 23 101 0 12 14 14 8 16 19 23 23 23 7 13 13 14 8 19 19 19 7 23 7 7 13 13 8 3 19 7 7 101
101
6 6 14 14 14 5 5 1 3 9 6 16 16 14 0 19 1 1 1 9 6 6 16 16 19 19 19 1 3 9 6 13 13 16 20 19 20 1 11 11 8 4 13 13 20 20 20 22 11 11 8 4 17 17 0 22 22 22 2 15 8 12 12 17 17 21 22 21 15 15 12 12 0 18 17 21 21 21 23 15 2 7 18 18 18 10 10 23 23 23 7 7 0 18 100 10 10 5 5 23
100
10 10 5 5 13 13 4 4 100 14 10 10 17 17 0 13 13 22 14 14 0 11 11 17 17 22 22 22 23 14 6 11 11 15 17 19 22 23 23 23 6 6 15 15 19 19 19 3 1 23 8 8 8 15 20 19 20 1 1 1 9 16 16 0 20 20 20 7 1 5 9 0 16 16 3 18 7 7 1 5 9 12 12 16 18 18 18 21 2 21 12 12 100 4 4 18 2 21 21 21
0
11 11 101 15 6 6 16 16 100 6 11 11 15 15 6 16 16 100 6 6 0 12 12 15 20 16 20 100 10 10 12 12 2 1 20 20 20 100 10 10 4 4 1 1 1 14 4 4 22 100 13 13 3 1 14 14 22 22 22 8 101 13 13 1 2 14 19 22 3 8 21 21 18 17 17 19 19 19 23 8 21 18 18 18 17 17 19 23 23 23 21 21 18 5 5 17 9 9 9 23
100
4 4 14 0 1 7 7 21 101 21 100 14 14 1 1 1 7 21 21 21 10 10 14 6 1 20 0 20 3 9 10 10 6 6 1 20 20 20 22 9 100 16 16 17 17 0 22 22 22 9 4 12 16 16 17 17 3 22 2 15 4 12 12 16 0 17 19 2 15 15 6 6 12 0 18 19 19 19 23 15 6 13 13 18 18 18 19 23 23 23 5 5 13 13 18 0 8 8 8 23
100
7 7 13 13 16 16 4 4 6 6 101 7 7 13 13 16 16 6 6 6 101 7 7 15 0 18 16 20 6 20 5 5 15 15 18 18 18 20 20 20 9 11 11 15 14 18 12 12 100 22 9 11 11 14 14 12 12 22 22 22 9 10 10 2 14 3 19 3 22 4 8 10 10 17 17 19 19 19 23 4 8 21 2 21 17 17 19 23 23 23 8 21 21 21 101 17 101 5 5 23
0
100 12 12 5 5 18 3 14 14 14 12 12 2 1 18 18 18 21 14 21 6 6 1 1 1 18 2 21 21 21 6 11 11 1 5 8 8 8 22 4 3 11 11 1 5 15 22 22 22 4 7 7 17 17 15 15 20 22 20 9 7 101 7 17 17 15 20 20 20 9 101 7 7 101 17 19 4 4 23 9 101 13 13 101 19 19 19 23 23 23 101 101 13 13 101 19 101 101 101 23
101
8 4 12 17 17 5 5 1 4 4 8 4 12 12 17 17 1 1 1 14 8 11 11 12 18 17 2 1 14 14 0 11 11 18 18 18 21 1 21 14 7 7 16 16 18 6 21 21 21 9 7 13 13 16 16 6 6 22 2 9 10 10 13 13 16 22 22 22 23 9 10 10 15 0 19 0 22 23 23 23 7 15 15 19 19 19 20 3 20 23 7 7 15 101 19 0 20 20 20 3
101
100 14 11 11 17 17 13 13 5 5 14 14 11 11 18 17 17 13 13 22 4 14 0 18 18 18 17 22 22 22 4 9 9 9 18 1 3 20 22 20 6 6 12 12 1 1 1 20 20 20 6 12 12 15 8 1 21 2 21 3 7 7 15 15 8 1 21 21 21 5 7 16 16 15 8 19 4 4 23 5 10 10 16 16 19 19 19 23 23 23 10 10 100 16 2 19 101 101 101 23
0
4 10 10 100 18 4 4 9 9 9 4 10 10 18 18 18 21 3 21 101 6 6 16 16 18 5 21 21 21 101 6 12 12 16 16 5 1 17 17 101 12 12 2 15 16 1 1 1 17 17 13 13 15 15 6 6 1 2 23 17 0 13 13 15 19 6 1 23 23 23 8 3 14 19 19 19 5 5 22 23 8 14 14 20 19 20 22 22 22 7 8 100 14 20 20 20 100 22 7 7
100
7 7 5 5 8 8 8 2 19 101 7 12 12 15 0 1 3 19 19 19 12 12 15 15 1 1 1 21 19 21 9 9 9 15 0 1 6 21 21 21 0 16 16 17 17 1 6 6 22 3 10 10 16 16 17 17 22 22 22 4 10 10 4 16 20 17 20 22 23 4 100 14 4 18 20 20 20 23 23 23 14 14 18 18 18 11 11 13 13 23 100 14 100 18 2 11 11 101 13 13
100
10 10 7 7 9 9 9 21 101 21 10 10 14 7 1 17 17 21 21 21 0 14 14 1 1 1 17 17 6 6 11 11 14 15 1 8 20 17 20 6 11 11 15 15 1 8 20 20 20 22 3 12 12 15 18 8 3 22 22 22 12 12 2 18 18 18 19 2 22 5 16 16 7 7 18 19 19 19 23 5 6 16 16 7 13 13 19 23 23 23 6 6 16 4 4 13 13 5 5 23
101
100 12 12 6 6 20 100 20 4 4 12 12 17 17 6 20 20 20 100 22 9 9 9 17 17 6 6 22 22 22 5 13 13 3 17 6 1 2 22 2 5 14 13 13 18 1 1 1 3 15 14 14 0 18 18 18 1 4 15 15 100 14 7 7 18 19 1 4 23 15 100 16 16 7 19 19 19 23 23 23 10 10 16 16 7 19 21 101 21 23 10 10 100 16 7 7 21 21 21 101
100
9 5 5 14 6 6 100 100 100 22 9 7 14 14 20 6 20 22 22 22 9 7 7 14 20 20 20 3 22 7 16 16 17 17 8 8 8 1 7 7 100 16 16 17 17 3 1 1 1 15 100 100 16 2 17 19 2 1 15 15 100 12 12 18 19 19 19 1 23 15 12 12 18 18 18 19 4 23 23 23 6 13 13 18 4 21 4 21 101 23 6 6 13 13 4 21 21 21 5 5
0
6 6 15 9 9 9 14 14 14 2 6 15 15 0 1 0 21 14 21 4 16 16 15 1 1 1 21 21 21 4 6 16 16 4 1 0 12 12 2 22 6 6 16 4 1 12 12 22 22 22 11 11 0 17 17 5 5 19 22 3 11 11 18 0 17 17 19 19 19 5 0 18 18 18 20 17 20 19 23 5 13 13 18 7 20 20 20 23 23 23 101 13 13 7 7 8 8 8 3 23
101
101 9 9 9 10 10 5 5 1 2 11 11 17 17 10 10 19 1 1 1 11 11 14 17 17 19 19 19 1 3 0 14 14 0 17 0 19 2 1 22 8 4 14 15 0 18 0 22 22 22 8 4 15 15 18 18 18 21 22 21 8 12 12 15 20 18 20 21 21 21 12 12 16 16 20 20 20 3 23 101 6 6 6 16 16 13 13 23 23 23 6 6 6 100 16 0 13 13 101 23
100
10 10 16 16 100 6 6 8 8 8 10 10 14 16 16 20 6 20 4 4 5 14 14 6 16 20 20 20 100 22 5 13 14 6 6 1 0 22 22 22 13 13 17 17 1 1 1 2 22 2 13 12 12 17 17 1 3 21 3 21 12 12 15 4 17 1 19 21 21 21 0 15 15 4 18 19 19 19 23 101 11 11 15 18 18 18 19 23 23 23 11 11 5 5 18 0 9 9 9 23
100
6 16 16 0 8 8 8 1 2 9 6 6 16 16 17 17 1 1 1 9 10 10 100 16 18 17 17 1 5 9 10 10 14 18 18 18 17 1 5 22 100 14 14 3 18 19 2 22 22 22 6 6 14 5 19 19 19 4 22 4 6 12 12 5 20 19 20 4 23 4 12 12 0 15 20 20 20 23 23 23 13 13 15 15 11 11 21 3 21 23 101 13 13 15 11 11 21 21 21 101
100
100 16 16 5 5 1 2 20 100 20 10 10 16 16 1 1 1 20 20 20 10 10 0 16 2 1 13 13 4 4 11 11 8 8 8 1 15 13 13 22 11 11 3 17 17 15 15 22 22 22 0 12 12 3 17 17 15 21 22 21 12 12 14 7 7 17 19 21 21 21 100 14 14 7 18 19 19 19 23 101 100 6 14 18 18 18 19 23 23 23 6 6 4 4 18 9 9 9 101 23
100
4 4 15 0 4 4 1 13 13 101 8 15 15 16 16 1 1 1 13 13 8 0 15 3 16 16 1 21 2 21 8 0 14 17 17 16 1 21 21 21 7 14 14 2 17 17 9 9 9 22 7 7 14 3 20 17 20 22 22 22 11 11 0 18 20 20 20 6 22 5 11 11 18 18 18 19 6 6 23 5 0 12 12 18 19 19 19 23 23 23 12 12 0 5 5 19 101 101 101 23
101
100 12 12 100 100 4 4 10 10 100 12 12 16 16 100 100 6 10 10 22 100 14 2 16 16 6 6 22 22 22 14 14 17 17 16 20 100 20 22 7 4 14 8 17 17 20 20 20 7 7 4 15 8 3 17 1 2 21 3 21 15 15 8 18 1 1 1 21 21 21 5 15 18 18 18 1 6 6 23 101 5 13 13 18 7 1 6 23 23 23 5 5 13 13 7 7 9 9 9 23
100
7 7 101 15 10 10 3 20 100 20 7 13 15 15 10 10 19 20 20 20 13 13 6 15 0 19 19 19 1 3 13 6 6 17 17 0 19 1 1 1 6 6 16 16 17 17 7 7 1 9 6 12 12 16 16 17 7 22 1 9 12 12 14 4 16 22 22 22 23 9 100 14 14 4 18 0 22 23 23 23 4 4 14 18 18 18 21 2 21 23 100 8 8 8 18 2 21 21 21 101
100
6 6 12 12 7 7 21 101 21 8 6 12 12 14 7 19 21 21 21 8 7 7 14 14 19 19 19 2 1 8 7 13 13 14 0 19 0 1 1 1 6 6 13 13 20 0 20 3 1 3 6 17 17 0 20 20 20 22 1 15 16 16 17 17 0 22 22 22 15 15 100 16 16 17 18 0 22 2 23 15 10 10 16 18 18 18 0 23 23 23 10 10 4 4 18 0 9 9 9 23
100
11 11 4 4 20 100 20 17 17 101 11 11 13 13 20 20 20 4 17 17 0 12 12 13 13 3 21 4 21 17 12 12 9 9 9 1 21 21 21 22 6 16 16 0 1 1 1 22 22 22 6 6 16 16 2 1 2 19 22 3 10 10 100 16 18 1 19 19 19 5 10 10 14 18 18 18 15 19 23 5 6 14 14 100 18 15 15 23 23 23 6 6 14 8 8 8 15 5 5 23
100
0 13 13 5 5 18 8 8 8 22 10 10 13 13 18 18 18 22 22 22 10 10 1 16 16 18 9 20 22 20 0 1 1 1 16 16 9 20 20 20 11 11 1 3 15 16 9 21 2 21 11 11 1 15 15 3 19 21 21 21 0 12 12 2 15 19 19 19 7 7 12 12 14 17 17 101 19 101 23 7 6 14 14 6 17 17 7 23 23 23 6 6 14 6 6 17 7 7 101 23
101
4 4 16 16 7 7 101 21 101 21 9 9 9 16 16 7 19 21 21 21 101 7 17 17 16 19 19 19 23 101 7 7 15 17 17 6 19 23 23 23 101 15 15 3 17 6 6 1 2 23 5 5 15 12 12 18 1 1 1 3 11 11 12 12 18 18 18 1 6 6 11 11 2 14 20 18 20 1 6 22 13 13 14 14 20 20 20 22 22 22 101 13 13 14 100 8 8 8 22 100
101
100 100 6 20 100 20 100 6 10 10 100 6 6 20 20 20 6 6 10 10 100 12 12 4 4 18 8 8 8 22 12 12 16 16 18 18 18 22 22 22 9 17 17 16 16 18 1 3 22 3 9 101 17 17 16 1 1 1 2 14 9 15 21 17 21 2 1 4 14 14 15 15 21 21 21 19 1 4 23 14 7 15 13 13 19 19 19 23 23 23 7 7 101 13 13 19 101 5 5 23
100
5 13 13 4 4 1 3 9 9 9 5 15 13 13 1 1 1 21 101 21 15 15 17 17 0 1 7 21 21 21 4 15 0 17 17 1 7 7 22 2 4 12 12 18 17 5 22 22 22 14 12 12 18 18 18 5 19 22 14 14 100 16 16 18 2 19 19 19 23 14 100 6 16 16 6 6 19 23 23 23 6 6 100 16 20 6 20 10 10 23 100 8 8 8 20 20 20 10 10 3
100
4 11 11 6 6 9 9 9 7 7 4 11 11 14 6 18 0 21 7 21 10 10 14 14 18 18 18 21 21 21 10 10 0 14 15 18 12 12 2 22 5 16 16 15 15 12 12 22 22 22 5 1 16 16 15 0 19 2 22 4 1 1 1 16 0 19 19 19 23 4 0 1 0 17 17 0 19 23 23 23 7 1 13 13 17 17 20 3 20 23 7 7 0 13 13 17 20 20 20 3
101
101 15 8 8 8 18 100 100 100 6 15 15 17 17 18 18 18 100 6 6 4 15 6 17 17 18 20 100 20 2 4 14 6 6 17 1 20 20 20 22 14 14 16 16 1 1 1 22 22 22 9 14 5 16 16 1 10 10 22 4 9 21 5 21 16 1 10 10 23 4 9 21 21 21 2 19 3 23 23 23 11 11 13 13 19 19 19 12 12 23 11 11 3 13 13 19 12 12 5 5
100
101 13 16 16 100 100 6 100 4 4 13 13 15 16 16 6 6 8 8 8 13 15 15 0 16 18 100 100 100 22 10 10 15 1 18 18 18 22 22 22 10 10 1 1 1 18 3 19 22 9 21 0 21 1 2 14 19 19 19 9 21 21 21 1 14 14 2 19 23 9 101 17 17 3 20 14 20 23 23 23 11 11 17 17 20 20 20 12 12 23 11 11 101 17 5 5 12 12 4 4
100
6 6 12 12 4 4 8 8 8 22 6 12 12 7 17 17 0 22 22 22 100 14 7 7 15 17 17 2 22 3 14 14 0 15 15 0 17 20 3 20 4 14 5 9 15 18 0 20 20 20 4 1 5 9 18 18 18 21 2 21 1 1 1 9 0 18 19 21 21 21 0 1 0 16 16 19 19 19 23 101 6 1 13 13 16 16 19 23 23 23 6 6 0 13 13 16 0 5 5 23
100
100 100 16 16 9 9 9 17 17 101 100 4 4 16 16 20 2 20 17 17 100 100 10 10 16 20 20 20 1 17 100 6 10 10 18 7 7 1 1 1 6 6 14 18 18 18 7 22 1 2 100 14 14 6 18 22 22 22 1 5 4 4 14 6 6 19 22 3 23 5 100 12 12 15 19 19 19 23 23 23 12 12 15 15 7 19 21 101 21 23 8 8 8 15 7 7 21 21 21 3
100
7 7 0 13 3 1 3 9 9 9 7 14 13 13 1 1 1 21 101 21 14 14 13 18 2 1 2 21 21 21 100 14 18 18 18 1 10 10 6 6 8 8 8 18 17 17 10 10 6 22 0 16 16 7 7 17 17 22 22 22 11 11 16 16 7 20 17 20 22 100 11 11 15 16 19 20 20 20 4 4 101 15 15 19 19 19 6 100 12 12 5 5 15 101 19 6 6 12 12 100
100
6 6 16 16 9 9 9 17 17 101 6 1 0 16 16 20 2 20 17 17 1 1 1 0 16 20 20 20 22 17 5 1 6 6 18 0 22 22 22 7 5 1 6 18 18 18 15 22 7 7 11 11 13 13 18 15 15 21 3 21 11 11 0 13 13 19 15 21 21 21 0 12 12 14 19 19 19 2 23 101 12 12 14 14 0 19 3 23 23 23 100 4 4 14 8 8 8 4 4 23
100
6 6 1 17 17 3 8 8 8 4 6 1 1 1 17 17 20 100 20 4 0 13 1 6 6 17 20 20 20 22 13 13 1 6 12 12 19 22 22 22 13 14 9 12 12 19 19 19 22 5 14 14 9 0 15 4 19 3 23 5 100 14 9 15 15 4 18 23 23 23 100 16 16 2 15 18 18 18 5 23 10 10 16 16 11 11 18 21 5 21 10 10 100 16 11 11 2 21 21 21
100
6 6 15 7 7 19 0 9 9 9 6 15 15 7 19 19 19 0 1 2 4 4 15 6 6 19 0 1 1 1 12 16 16 6 21 0 21 5 1 3 12 12 16 16 21 21 21 5 1 7 100 12 14 16 8 8 8 22 7 7 100 14 14 17 17 22 22 22 23 101 4 4 14 18 17 17 22 23 23 23 10 10 18 18 18 17 20 3 20 23 10 10 100 18 5 5 20 20 20 2
100
0 11 11 17 17 9 9 9 23 3 0 11 11 18 17 17 101 23 23 23 12 0 18 18 18 17 19 5 5 23 12 12 0 18 6 19 19 19 1 2 0 12 16 16 6 6 19 1 1 1 5 13 13 16 16 21 2 21 1 4 5 14 13 13 16 21 21 21 1 4 14 14 0 15 20 3 20 4 4 22 7 14 15 15 20 20 20 22 22 22 7 7 0 15 8 8 8 100 22 100
101
5 5 16 16 6 6 20 100 20 100 12 17 17 16 16 6 20 20 20 100 12 12 17 17 16 18 100 4 4 22 4 12 6 17 18 18 18 22 22 22 4 6 6 1 3 18 7 21 22 21 13 13 1 1 1 7 7 21 21 21 3 13 13 1 2 0 19 8 8 8 14 14 14 1 15 19 19 19 23 2 5 14 0 15 15 7 19 23 23 23 5 9 9 9 15 7 7 101 101 23
0
6 16 16 4 4 12 12 21 101 21 6 6 16 16 12 12 19 21 21 21 9 9 9 16 7 19 19 19 2 22 3 14 5 7 7 18 19 22 22 22 14 14 5 15 18 18 18 20 22 20 8 14 15 15 4 18 1 20 20 20 8 10 10 15 4 1 1 1 23 3 8 10 10 17 17 2 1 23 23 23 6 6 11 11 17 17 1 13 13 23 100 6 11 11 101 17 5 5 13 13
100
100 12 12 100 20 100 20 8 8 8 12 12 16 16 20 20 20 0 1 2 5 13 13 16 16 6 6 1 1 1 5 14 13 13 16 21 6 21 1 3 14 14 17 17 3 21 21 21 1 4 100 14 0 17 17 15 15 15 23 4 4 6 6 2 17 19 15 23 23 23 4 22 6 18 19 19 19 7 5 23 22 22 18 18 18 19 7 7 5 7 100 22 22 18 9 9 9 101 7 7
0
2 4 4 16 16 100 100 8 8 8 13 13 7 7 16 16 100 100 100 6 101 13 13 7 15 16 18 100 6 6 9 9 9 15 15 18 18 18 12 12 6 6 14 21 15 21 18 12 12 22 6 14 14 21 21 21 19 22 22 22 3 1 14 17 17 19 19 19 22 5 1 1 1 2 17 17 19 3 23 5 4 1 10 10 20 17 20 23 23 23 4 1 10 10 20 20 20 5 5 23
100
100 100 6 10 10 100 14 4 4 22 100 6 6 10 10 14 14 22 22 22 100 100 16 16 100 20 14 20 22 7 100 12 12 16 16 20 20 20 7 7 12 12 4 4 16 19 3 21 2 21 13 13 17 17 19 19 19 21 21 21 5 13 13 17 17 19 1 8 8 8 5 15 0 18 17 1 1 1 23 3 15 15 18 18 18 6 1 23 23 23 101 15 2 18 6 6 1 5 5 23
100
100 100 12 12 15 0 1 13 13 101 100 12 12 15 15 1 1 1 13 13 6 6 14 0 15 2 1 5 5 22 6 14 14 9 9 9 1 22 22 22 100 6 14 18 17 17 4 4 22 3 6 6 18 18 18 17 17 21 2 21 100 16 16 18 0 19 17 21 21 21 8 100 16 16 19 19 19 3 23 101 8 10 10 16 20 19 20 23 23 23 8 10 10 100 20 20 20 4 4 23
100
10 10 6 6 11 11 20 100 20 5 10 10 14 6 11 11 20 20 20 5 3 14 14 5 17 17 9 9 9 22 7 7 14 5 12 17 17 22 22 22 7 1 16 16 12 12 17 21 22 21 1 1 1 16 16 12 19 21 21 21 2 1 7 7 16 19 19 19 23 101 6 1 7 15 3 18 19 23 23 23 6 6 15 15 18 18 18 13 13 23 8 8 8 15 2 18 4 4 13 13
101
100 12 12 0 18 6 6 16 16 100 12 12 0 18 18 18 6 22 16 16 6 13 13 0 18 22 22 22 2 16 6 6 13 13 19 0 22 3 23 3 7 7 14 19 19 19 8 23 23 23 7 14 14 20 19 20 8 17 17 23 11 11 14 20 20 20 8 1 17 17 11 11 15 9 9 9 1 1 1 17 7 15 15 5 21 2 21 1 10 10 7 7 15 5 21 21 21 1 10 10
101
100 14 9 9 9 18 100 20 100 20 14 14 11 11 18 18 18 20 20 20 8 14 11 11 0 18 15 21 2 21 8 0 7 17 17 15 15 21 21 21 8 7 7 0 17 17 15 3 22 3 0 1 16 16 0 17 22 22 22 4 1 1 1 16 16 6 6 22 23 4 0 1 5 5 16 19 6 23 23 23 6 1 10 10 19 19 19 13 13 23 6 6 10 10 2 19 5 5 13 13
101
11 11 0 1 9 9 9 20 100 20 11 11 1 1 1 17 17 20 20 20 13 13 2 1 4 4 17 17 6 6 0 13 13 1 12 12 21 17 21 6 6 6 14 12 12 18 21 21 21 22 6 14 14 5 18 18 18 22 22 22 100 100 14 5 15 18 19 0 22 2 100 16 16 15 15 19 19 19 23 3 4 4 16 16 15 7 19 23 23 23 8 8 8 16 3 7 7 5 5 23
101
20 20 20 100 16 16 2 21 101 21 20 14 20 12 12 16 16 21 21 21 14 14 12 12 4 4 16 5 5 22 0 14 4 4 1 17 17 22 22 22 9 0 15 1 1 1 17 17 22 3 9 15 15 0 1 6 6 17 23 2 9 0 15 18 1 6 19 23 23 23 11 11 18 18 18 19 19 19 101 23 11 11 0 18 13 13 19 101 3 7 5 5 8 8 8 13 13 101 7 7
101
9 9 9 4 20 2 20 21 101 21 3 16 16 4 20 20 20 21 21 21 11 11 16 16 7 7 1 8 8 8 11 11 14 16 7 1 1 1 19 3 12 14 14 17 17 2 1 19 19 19 12 12 14 18 17 17 1 6 19 5 100 12 18 18 18 17 6 6 23 5 100 100 100 18 4 4 22 23 23 23 100 6 10 10 22 22 22 13 13 23 6 6 10 10 100 22 5 5 13 13
100
4 4 12 12 5 5 15 101 19 101 100 12 12 16 16 15 15 19 19 19 6 6 10 10 16 16 15 21 19 21 6 14 10 10 3 16 18 21 21 21 14 14 2 17 17 18 18 18 23 3 6 14 7 7 17 17 18 23 23 23 6 6 1 7 20 17 20 11 11 23 9 1 1 1 20 20 20 11 11 22 9 5 1 4 4 13 13 22 22 22 9 5 1 8 8 8 13 13 22 2
100
4 11 11 5 5 6 6 9 9 9 4 11 11 18 17 17 6 21 101 21 10 10 18 18 18 17 17 21 21 21 10 10 100 18 3 1 17 4 4 22 100 14 16 16 1 1 1 22 22 22 14 14 12 16 16 1 2 20 22 20 0 14 12 12 16 1 19 20 20 20 7 7 2 12 15 19 19 19 23 3 7 13 13 15 15 7 19 23 23 23 101 101 13 13 15 7 7 5 5 23
101
100 8 8 8 22 3 21 101 21 5 100 14 22 22 22 13 21 21 21 5 14 14 5 22 13 13 19 101 11 11 7 14 5 15 13 19 19 19 11 11 7 7 15 15 17 17 19 101 23 101 16 16 2 15 18 17 17 23 23 23 100 16 16 18 18 18 17 3 1 23 10 10 16 100 18 6 6 1 1 1 10 10 12 12 20 6 20 4 1 4 100 12 12 2 20 20 20 4 1 4
100
101 101 101 15 5 21 101 21 6 6 11 11 15 15 5 21 21 21 22 6 11 11 3 15 18 2 22 22 22 14 7 13 13 18 18 18 19 22 14 14 7 7 13 13 18 19 19 19 23 14 9 9 9 20 0 20 19 23 23 23 0 12 12 20 20 20 1 17 17 23 12 12 16 16 3 1 1 1 17 17 6 6 100 16 16 5 1 10 10 17 6 8 8 8 16 5 1 10 10 2
101
100 12 12 11 11 14 14 14 100 6 12 12 15 11 11 18 14 100 6 6 0 15 15 3 18 18 18 8 8 8 10 10 15 16 16 18 20 100 20 100 10 10 6 6 16 16 20 20 20 22 21 0 21 6 1 16 3 22 22 22 21 21 21 1 1 1 19 2 22 5 101 17 17 2 1 19 19 19 23 5 13 13 17 17 1 7 19 23 23 23 101 13 13 17 7 7 9 9 9 23
100
100 14 6 6 9 9 9 1 4 4 14 14 6 18 17 17 1 1 1 6 0 14 18 18 18 17 17 1 6 6 7 7 0 18 7 7 17 1 3 22 7 12 12 15 7 19 0 22 22 22 12 12 15 15 19 19 19 3 22 4 8 8 8 15 21 19 21 2 23 4 16 16 5 5 21 21 21 23 23 23 100 16 16 20 0 20 2 13 13 23 100 100 16 20 20 20 5 5 13 13
0
100 14 14 14 10 10 3 21 101 21 4 4 14 0 10 10 19 21 21 21 8 8 8 17 17 19 19 19 2 22 0 16 16 0 17 17 19 22 22 22 11 11 16 16 20 17 20 3 22 9 11 11 15 16 20 20 20 7 7 9 12 15 15 5 5 1 2 7 23 9 12 12 15 18 1 1 1 23 23 23 6 12 18 18 18 1 6 13 13 23 6 6 100 18 0 1 6 6 13 13
100
101 7 11 11 101 15 5 5 5 5 7 7 11 11 15 15 101 21 101 21 7 7 13 13 101 15 19 21 21 21 7 16 16 13 13 19 19 19 2 22 0 14 16 16 17 17 19 22 22 22 14 14 100 16 6 17 17 3 22 8 100 14 100 6 6 20 17 20 3 8 6 6 12 12 18 20 20 20 23 8 6 12 12 18 18 18 2 23 23 23 4 4 4 4 18 0 9 9 9 23
101
100 16 16 17 17 101 21 101 21 4 100 6 16 16 17 17 21 21 21 4 6 6 100 16 18 17 8 8 8 22 100 10 10 18 18 18 19 22 22 22 100 10 10 14 18 19 19 19 22 2 4 4 14 14 0 1 19 20 3 20 100 12 12 14 1 1 1 20 20 20 12 12 5 5 15 1 7 7 23 3 6 13 13 15 15 1 7 23 23 23 6 6 13 13 15 2 9 9 9 23
100
10 10 0 1 17 17 5 5 19 101 10 10 1 1 1 17 17 19 19 19 13 13 3 1 2 20 17 20 19 2 5 13 13 1 15 20 20 20 3 22 5 12 12 15 15 6 6 22 22 22 12 12 14 4 15 18 6 21 22 21 100 14 14 4 18 18 18 21 21 21 100 100 14 16 16 18 7 7 23 101 100 6 4 4 16 16 7 23 23 23 6 6 8 8 8 16 9 9 9 23
100
11 11 5 5 17 17 101 7 7 101 11 11 12 12 18 17 17 21 7 21 0 12 12 18 18 18 17 21 21 21 6 6 0 14 18 15 4 4 22 2 6 1 14 14 15 15 22 22 22 5 1 1 1 14 0 15 20 22 20 5 0 1 9 9 9 19 20 20 20 4 0 1 16 16 19 19 19 3 23 4 7 13 13 16 16 19 2 23 23 23 7 7 13 13 16 3 8 8 8 23
101
10 10 16 16 9 9 9 20 2 20 10 10 3 16 16 17 17 20 20 20 14 14 14 5 16 6 17 17 7 7 4 14 15 5 18 6 6 17 7 22 4 15 15 18 18 18 7 22 22 22 11 11 15 1 18 7 7 21 22 21 11 11 1 1 1 3 19 21 21 21 12 6 6 1 2 19 19 19 23 101 12 12 6 1 13 13 19 23 23 23 100 12 8 8 8 13 13 5 5 23
101
16 16 0 8 8 8 20 100 20 4 0 16 16 0 1 2 20 20 20 4 7 7 16 1 1 1 2 21 3 21 7 13 13 0 1 3 15 21 21 21 0 14 13 13 1 15 15 101 5 5 14 14 17 17 6 6 15 5 11 11 100 14 22 17 17 6 19 5 11 11 22 22 22 18 17 19 19 19 23 101 6 22 18 18 18 7 19 23 23 23 6 6 100 18 7 7 9 9 9 23
101
100 12 12 0 1 5 5 9 9 9 12 12 15 1 1 1 7 21 101 21 0 15 15 2 1 7 7 21 21 21 6 6 15 3 1 2 19 8 8 8 6 16 16 17 17 19 19 19 3 22 100 14 16 16 17 17 19 22 22 22 14 14 100 16 20 17 20 4 22 5 100 14 100 18 20 20 20 4 23 5 10 10 18 18 18 13 13 23 23 23 10 10 100 18 4 4 13 13 101 23
100
100 8 8 8 18 4 4 1 5 5 100 16 16 18 18 18 1 1 1 7 12 100 16 16 18 7 7 1 7 7 12 12 2 16 20 7 20 1 3 15 100 12 14 4 20 20 20 2 15 15 100 14 14 4 19 9 9 9 22 15 6 6 14 19 19 19 22 22 22 5 6 17 17 3 19 6 6 22 23 5 13 13 17 17 21 6 21 23 23 23 101 13 13 17 21 21 21 101 101 23
0
4 10 10 100 14 21 101 21 6 6 4 10 10 14 14 21 21 21 1 6 6 6 17 17 14 7 7 1 1 1 6 16 16 17 17 20 7 20 1 9 4 4 16 16 17 20 20 20 1 9 13 13 0 16 0 19 5 5 23 9 101 13 13 18 19 19 19 23 23 23 101 15 18 18 18 19 2 22 2 23 15 15 5 18 3 22 22 22 11 11 101 15 5 8 8 8 22 3 11 11
101
100 12 12 1 4 4 15 101 101 101 12 12 1 1 1 15 15 21 101 21 8 11 11 1 17 17 15 21 21 21 8 11 11 1 22 17 17 101 5 5 8 5 22 22 22 7 17 101 101 7 9 5 14 22 7 7 19 101 7 7 9 14 14 16 16 19 19 19 23 3 9 2 14 18 16 16 19 23 23 23 13 13 18 18 18 16 20 3 20 23 101 13 13 18 4 4 20 20 20 2
101
6 6 1 13 13 5 5 8 8 8 6 1 1 1 13 13 21 3 21 3 4 4 1 7 7 18 21 21 21 22 11 11 1 7 18 18 18 22 22 22 11 11 16 16 0 18 2 20 22 20 0 14 9 16 16 0 19 20 20 20 14 14 9 0 16 19 19 19 6 6 12 14 9 15 17 17 19 2 23 6 12 12 15 15 7 17 17 23 23 23 100 12 0 15 7 7 17 5 5 23
101
0 9 9 9 16 16 3 21 101 21 0 14 0 1 2 16 16 21 21 21 14 14 1 1 1 6 16 5 5 22 0 14 0 1 6 6 19 22 22 22 0 15 0 1 12 19 19 19 22 4 15 15 7 7 12 12 19 17 17 4 0 15 18 7 20 12 20 5 17 17 0 18 18 18 20 20 20 5 23 17 11 11 18 3 13 13 2 23 23 23 11 11 8 8 8 13 13 4 4 23
101
101 13 4 4 17 17 5 5 19 101 13 13 12 12 23 17 17 19 19 19 13 12 12 23 23 23 17 21 19 21 0 15 9 9 9 23 18 21 21 21 15 15 3 14 2 18 18 18 2 22 8 15 14 14 16 16 18 22 22 22 8 0 1 14 3 16 16 100 22 6 8 1 1 1 7 7 16 100 6 6 10 10 1 5 20 7 20 4 4 6 10 10 1 5 20 20 20 100 6 6
100
3 20 2 20 4 4 1 13 13 3 5 20 20 20 18 1 1 1 13 13 5 16 16 18 18 18 1 8 8 8 11 11 16 16 18 4 1 2 22 5 11 11 15 16 19 4 22 22 22 5 101 15 15 19 19 19 21 22 21 9 101 101 15 101 19 101 21 21 21 9 101 17 17 101 101 7 101 101 23 9 101 101 17 17 7 7 7 23 23 23 101 101 101 17 101 7 7 101 101 23
101
100 12 12 1 9 9 9 8 8 8 12 12 1 1 1 3 20 2 20 100 13 13 0 1 0 18 20 20 20 22 101 13 13 1 18 18 18 22 22 22 5 5 15 16 16 18 6 6 22 2 101 15 15 6 16 16 6 21 3 21 11 11 15 6 6 16 19 21 21 21 11 11 14 17 17 19 19 19 23 101 7 14 14 7 17 17 19 23 23 23 7 7 14 7 7 17 101 5 5 23
101
6 6 13 13 8 8 8 20 100 20 100 6 14 13 13 18 100 20 20 20 6 14 14 7 18 18 18 2 12 12 6 6 14 7 7 18 15 12 12 22 10 10 2 16 16 15 15 22 22 22 10 10 1 0 16 16 15 21 22 21 3 1 1 1 3 16 19 21 21 21 5 5 1 17 17 19 19 19 23 101 11 11 1 7 17 17 19 23 23 23 11 11 7 7 101 17 9 9 9 23
101
7 7 7 7 9 9 9 21 101 21 7 13 13 7 17 17 101 21 21 21 12 2 13 13 4 17 17 101 23 3 12 12 2 15 4 1 17 23 23 23 100 12 15 15 1 1 1 3 19 23 100 16 16 15 5 1 6 19 19 19 100 14 16 16 5 1 6 6 19 22 14 14 100 16 18 6 6 22 22 22 100 14 100 18 18 18 6 20 22 20 100 8 8 8 18 4 4 20 20 20
100
6 6 12 12 20 100 20 8 8 8 6 12 12 15 20 20 20 21 3 21 10 10 15 15 4 4 1 21 21 21 10 10 14 15 18 1 1 1 7 2 0 14 14 18 18 18 1 7 7 22 11 11 14 0 18 3 1 22 22 22 11 11 0 9 9 9 19 2 22 5 0 16 16 17 17 19 19 19 23 5 13 13 16 16 17 17 19 23 23 23 101 13 13 16 0 17 101 5 5 23
101
11 11 5 5 1 7 7 8 8 8 11 11 14 1 1 1 7 21 2 21 6 14 14 0 1 0 18 21 21 21 6 6 14 15 1 18 18 18 3 22 13 13 15 15 10 10 18 22 22 22 5 13 13 15 10 10 19 0 22 4 5 12 12 17 17 19 19 19 23 4 12 12 16 16 17 17 19 23 23 23 4 4 6 16 16 17 20 3 20 23 100 6 6 100 16 0 20 20 20 2
100
8 8 8 0 18 7 7 21 101 21 5 11 11 18 18 18 7 21 21 21 5 11 11 15 18 12 12 2 22 2 10 10 15 15 12 12 22 22 22 5 10 10 0 15 20 100 20 22 23 5 100 14 16 16 20 20 20 23 23 23 14 14 0 16 16 9 9 9 1 23 0 14 17 17 16 3 19 1 1 1 6 13 13 17 17 19 19 19 1 4 6 6 13 13 17 101 19 3 1 4
101
100 6 100 16 16 8 8 8 22 9 6 6 14 100 16 16 22 22 22 9 100 14 14 100 18 16 2 22 23 9 4 4 14 18 18 18 5 23 23 23 100 12 12 15 18 20 5 20 3 23 12 12 15 15 6 20 20 20 1 2 4 11 11 15 6 6 19 1 1 1 4 11 11 17 17 19 19 19 1 3 10 10 13 13 17 17 19 21 1 21 10 10 0 13 13 17 101 21 21 21
100
100 6 100 100 100 18 100 4 4 22 6 6 16 16 18 18 18 22 22 22 6 6 14 16 16 18 19 3 22 5 6 14 14 8 16 19 19 19 4 5 10 10 14 8 17 17 19 21 4 21 10 10 0 8 1 17 17 21 21 21 100 12 12 1 1 1 17 101 23 101 12 12 2 15 1 9 3 23 23 23 13 13 15 15 1 9 5 11 11 23 101 13 13 15 2 9 5 11 11 101
100
0 13 13 0 17 17 8 8 8 22 10 10 13 13 1 17 17 22 22 22 10 10 14 1 1 1 17 2 22 3 100 14 14 0 1 7 7 20 3 20 16 16 14 6 1 7 19 20 20 20 100 16 16 6 6 19 19 19 2 15 100 100 16 12 12 21 19 21 15 15 4 4 12 12 18 21 21 21 23 15 4 4 6 18 18 18 0 23 23 23 100 6 6 100 18 0 9 9 9 23
100
0 8 8 8 18 7 7 9 9 9 0 13 13 18 18 18 7 21 101 21 10 10 13 13 18 19 2 21 21 21 10 10 3 14 19 19 19 5 5 22 100 12 14 14 5 19 1 22 22 22 100 12 12 14 5 1 1 1 22 15 6 6 12 17 17 3 1 4 15 15 6 16 16 2 17 17 1 4 23 15 100 6 16 16 20 17 20 23 23 23 6 6 100 16 20 20 20 4 4 23
100
11 11 101 15 7 7 20 100 20 5 11 11 15 15 7 18 20 20 20 5 0 14 0 15 18 18 18 21 3 21 14 14 16 16 0 18 19 21 21 21 100 14 100 16 16 19 19 19 2 22 6 6 12 12 16 3 19 22 22 22 6 12 12 5 5 1 6 6 22 4 9 0 17 17 1 1 1 6 23 4 9 13 13 17 17 1 2 23 23 23 9 101 13 13 17 1 8 8 8 23
101
8 8 8 13 13 9 9 9 18 100 11 11 4 4 13 13 1 18 18 18 11 11 17 17 3 1 1 1 18 3 16 16 2 17 17 2 1 5 5 22 100 16 16 20 17 20 1 22 22 22 4 4 16 20 20 20 7 7 22 15 100 14 100 12 12 21 7 21 15 15 14 14 12 12 19 21 21 21 23 15 6 14 6 19 19 19 7 23 23 23 6 6 6 6 19 7 7 5 5 23
101
0 1 2 11 11 101 15 8 8 8 1 1 1 11 11 15 15 20 100 20 3 1 13 13 17 17 15 20 20 20 5 1 3 13 13 17 17 4 4 22 5 12 12 14 2 18 17 22 22 22 12 12 14 14 18 18 18 21 22 21 100 6 100 14 4 18 19 21 21 21 6 6 16 16 4 19 19 19 23 101 100 10 10 16 16 5 19 23 23 23 100 10 10 100 16 5 9 9 9 23
100
6 6 16 16 4 4 4 4 6 6 6 1 3 16 16 100 20 2 20 6 1 1 1 7 16 18 20 20 20 22 8 1 7 7 18 18 18 22 22 22 8 1 14 17 17 18 7 7 22 3 8 14 14 12 17 17 21 7 21 9 10 10 14 12 12 17 21 21 21 9 10 10 2 15 12 19 5 5 23 9 13 13 15 15 19 19 19 23 23 23 101 13 13 15 101 19 101 5 5 23
100
4 4 17 17 0 8 8 8 11 11 13 13 0 17 17 5 5 1 11 11 7 13 13 0 17 19 1 1 1 15 7 7 0 14 19 19 19 1 15 15 16 16 14 14 20 19 20 1 2 15 100 16 16 14 20 20 20 3 23 3 10 10 16 5 21 0 21 23 23 23 10 10 18 5 21 21 21 22 2 23 6 18 18 18 6 22 22 22 12 12 6 6 18 6 6 100 22 12 12 100
100
7 7 0 13 13 0 5 5 19 101 7 14 6 6 13 13 1 19 19 19 14 14 6 17 17 1 1 1 19 3 0 14 10 10 17 17 1 20 3 20 11 11 10 10 18 17 1 20 20 20 11 11 15 18 18 18 0 21 2 21 0 15 15 9 18 12 12 21 21 21 16 16 15 9 12 12 22 2 23 101 6 16 16 9 22 22 22 23 23 23 6 6 16 4 4 22 8 8 8 23
100
10 10 8 8 8 20 100 20 7 7 10 10 0 15 5 20 20 20 22 7 13 13 15 15 5 19 22 22 22 7 0 13 13 15 19 19 19 22 7 7 6 6 17 17 0 19 2 21 2 21 6 16 16 17 17 0 1 21 21 21 100 14 16 16 17 1 1 1 6 6 14 14 100 16 18 3 1 3 23 6 100 14 100 18 18 18 1 23 23 23 4 4 4 4 18 9 9 9 101 23
100
7 7 17 17 5 5 1 13 13 101 7 11 11 17 17 1 1 1 13 13 0 11 11 18 17 9 1 21 3 21 0 14 18 18 18 9 1 21 21 21 14 14 0 18 19 9 4 4 22 8 100 14 5 19 19 19 22 22 22 8 16 16 5 20 19 20 0 22 2 8 100 16 16 20 20 20 15 3 23 2 10 10 16 12 12 15 15 23 23 23 10 10 12 12 4 4 15 101 101 23
101
4 4 17 17 15 15 15 21 101 21 8 8 8 17 17 15 1 21 21 21 13 13 16 16 17 1 1 1 19 101 9 13 13 16 16 2 1 19 19 19 9 2 12 12 16 23 1 3 19 22 9 12 12 14 23 23 23 22 22 22 10 10 14 14 3 20 23 20 22 6 10 10 100 14 18 20 20 20 6 6 100 100 100 18 18 18 100 4 4 6 100 100 100 100 18 100 100 100 6 6
100
7 7 9 9 9 0 1 13 13 101 7 7 17 17 0 1 1 1 13 13 7 7 14 17 17 0 1 21 2 21 0 14 14 0 17 18 1 21 21 21 10 10 14 15 18 18 18 2 22 8 10 10 15 15 4 18 22 22 22 8 11 11 0 15 4 19 0 22 23 8 11 11 16 16 19 19 19 23 23 23 0 12 12 16 16 19 20 3 20 23 12 12 4 4 16 0 20 20 20 3
101
3 16 16 4 4 8 8 8 12 12 13 13 16 16 6 6 100 12 12 22 5 13 13 16 20 6 20 22 22 22 5 15 10 10 20 20 20 21 22 21 15 15 10 10 1 17 17 21 21 21 2 15 2 1 1 1 17 17 7 7 14 14 14 5 1 6 6 17 23 7 100 14 18 5 1 6 19 23 23 23 100 18 18 18 3 19 19 19 7 23 4 4 18 9 9 9 19 7 7 101
100
8 8 8 14 5 21 101 21 101 7 10 10 14 14 5 21 21 21 7 7 10 10 100 14 22 17 17 9 9 9 16 16 22 22 22 4 17 17 7 7 100 16 16 22 20 4 20 17 23 7 12 100 16 18 20 20 20 23 23 23 12 12 18 18 18 5 5 1 3 23 0 12 0 18 3 19 1 1 1 15 11 11 13 13 19 19 19 1 15 15 11 11 101 13 13 19 2 1 2 15
101
9 9 9 12 12 15 5 8 8 8 101 7 12 12 15 15 5 20 100 20 7 7 14 10 10 15 19 20 20 20 0 14 14 10 10 19 19 19 2 22 11 11 14 17 17 3 19 22 22 22 11 11 6 0 17 17 2 21 22 21 0 1 6 6 0 17 18 21 21 21 1 1 1 16 16 18 18 18 23 101 4 1 13 13 16 16 18 23 23 23 4 1 0 13 13 16 3 5 5 23
101
9 9 9 14 16 16 100 4 4 22 8 0 14 14 4 16 16 22 22 22 8 11 11 14 4 18 16 20 22 20 8 11 11 1 18 18 18 20 20 20 10 10 1 1 1 18 2 21 3 21 10 10 2 1 7 7 19 21 21 21 100 12 12 1 7 19 19 19 23 101 12 12 3 15 17 17 19 23 23 23 13 13 15 15 101 17 17 101 7 23 101 13 13 15 5 5 17 7 7 101
101
0 13 13 5 5 101 9 9 9 22 6 6 13 13 17 17 3 22 22 22 6 12 12 15 4 17 17 20 22 20 12 12 15 15 4 18 17 20 20 20 7 7 14 15 18 18 18 21 2 21 7 14 14 3 1 18 6 21 21 21 16 16 14 1 1 1 6 6 23 101 0 16 16 5 1 2 19 23 23 23 11 11 16 5 1 19 19 19 7 23 11 11 0 8 8 8 19 7 7 101
101
0 9 9 9 1 2 13 13 5 5 22 22 2 1 1 1 15 13 13 7 100 22 22 14 1 15 15 101 7 7 100 22 14 14 1 3 15 21 101 21 100 4 4 14 12 12 19 21 21 21 100 16 16 12 12 19 19 19 23 101 4 4 16 16 3 18 19 23 23 23 8 8 8 16 18 18 18 17 17 23 100 6 10 10 20 18 20 6 17 17 6 6 10 10 20 20 20 6 6 17
100
7 7 13 13 9 9 9 1 7 7 7 16 16 13 13 19 1 1 1 7 6 6 16 16 19 19 19 1 11 11 4 6 100 16 20 19 20 1 11 11 4 12 12 100 20 20 20 22 3 15 12 12 14 14 14 22 22 22 15 15 8 8 8 14 18 100 22 2 23 15 0 17 17 18 18 18 4 23 23 23 10 10 17 17 18 21 4 21 101 23 10 10 2 17 3 21 21 21 5 5
101
10 10 13 13 101 101 21 101 21 5 10 10 0 13 13 19 21 21 21 5 100 12 12 0 19 19 19 4 4 22 12 12 16 16 2 19 1 22 22 22 9 9 9 16 16 1 1 1 22 15 0 14 8 0 16 3 1 4 15 15 14 14 8 17 17 2 1 4 23 15 0 14 8 18 17 17 3 23 23 23 11 11 18 18 18 17 7 7 7 23 11 11 0 18 5 5 7 7 7 101
101
101 7 0 18 0 21 101 21 6 6 7 7 18 18 18 21 21 21 22 6 0 13 13 18 7 7 22 22 22 15 10 10 13 13 7 19 3 22 15 15 10 10 12 12 19 19 19 1 3 15 5 12 12 17 17 19 1 1 1 14 5 16 16 0 17 17 2 1 14 14 9 0 16 16 20 17 20 1 23 14 9 11 11 16 20 20 20 23 23 23 9 11 11 4 4 8 8 8 2 23
101
100 4 4 12 12 14 100 6 6 100 10 10 12 12 14 14 100 20 6 20 10 10 16 16 100 14 18 20 20 20 9 11 11 16 16 18 18 18 100 22 9 11 11 2 16 15 18 22 22 22 9 1 3 7 15 15 2 21 22 21 1 1 1 7 7 15 19 21 21 21 4 1 3 17 17 19 19 19 23 101 4 1 13 13 17 17 19 23 23 23 8 8 8 13 13 17 5 5 101 23
100
4 4 22 0 6 6 3 8 8 8 22 22 22 15 20 6 20 21 2 21 100 22 15 15 20 20 20 21 21 21 4 16 16 15 17 17 13 13 5 5 4 14 16 16 3 17 17 13 13 101 14 14 0 16 1 2 17 101 101 7 5 14 18 1 1 1 19 101 7 7 5 18 18 18 1 19 19 19 23 101 11 11 18 7 1 6 19 23 23 23 11 11 7 7 6 6 9 9 9 23
101
6 6 1 5 5 0 18 6 6 100 6 1 1 1 7 18 18 18 6 22 8 0 1 7 7 0 18 22 22 22 8 12 1 5 17 17 2 20 22 20 8 12 12 5 14 17 17 20 20 20 0 15 12 14 14 2 17 21 3 21 15 15 4 4 14 3 19 21 21 21 101 15 16 16 0 19 19 19 23 101 7 13 13 16 16 4 19 23 23 23 7 7 13 13 16 4 9 9 9 23
0
100 6 100 10 10 100 20 100 20 4 6 6 6 10 10 18 20 20 20 4 100 6 6 100 18 18 18 21 3 21 100 12 12 16 16 18 5 21 21 21 12 12 14 15 16 16 5 4 4 22 0 14 14 15 15 16 19 22 22 22 0 1 14 15 0 19 19 19 22 5 1 1 1 17 17 2 19 2 23 5 0 1 13 13 17 17 3 23 23 23 0 1 0 13 13 17 8 8 8 23
100
8 8 8 0 18 100 20 100 20 4 2 13 13 18 18 18 20 20 20 4 10 10 13 13 18 6 6 4 4 22 10 10 3 15 17 17 6 22 22 22 100 14 15 15 3 17 17 21 22 21 14 14 5 15 1 2 17 21 21 21 100 14 5 1 1 1 19 101 7 7 12 16 16 0 1 19 19 19 23 7 12 12 16 16 1 7 19 23 23 23 100 12 100 16 7 7 9 9 9 23
100
2 1 3 8 8 8 20 100 20 4 1 1 1 0 14 6 20 20 20 4 5 1 6 14 14 6 6 100 22 4 5 1 6 6 14 18 22 22 22 4 5 5 16 16 18 18 18 22 0 15 11 11 0 16 16 18 19 0 15 15 11 11 12 12 16 19 19 19 23 15 9 12 12 17 17 3 19 23 23 23 9 13 13 2 17 17 21 101 21 23 9 101 13 13 0 17 21 21 21 101
100
21 21 1 6 6 8 8 8 4 4 21 1 1 1 6 18 4 4 10 10 21 21 1 0 18 18 18 100 10 10 11 11 1 17 17 18 20 100 20 100 11 11 16 16 17 17 20 20 20 22 0 14 12 16 16 17 3 22 22 22 14 14 12 12 16 2 19 2 22 5 9 14 15 12 3 19 19 19 23 5 9 15 15 6 13 13 19 23 23 23 9 101 15 6 6 13 13 5 5 23
100
6 6 100 100 18 100 100 4 4 22 6 10 10 18 18 18 14 22 22 22 100 10 10 0 18 14 14 21 22 21 8 8 8 17 17 3 14 21 21 21 5 5 12 12 17 17 4 4 23 101 7 12 12 0 20 17 20 23 23 23 7 7 13 13 20 20 20 1 3 23 101 7 7 13 13 19 1 1 1 15 11 11 7 101 19 19 19 1 15 15 11 11 9 9 9 19 2 1 2 15
101
100 16 16 0 17 17 7 7 101 7 6 6 16 16 4 17 17 7 7 7 6 12 12 16 4 22 17 21 101 21 12 12 14 22 22 22 19 21 21 21 8 14 14 5 22 19 19 19 23 101 8 0 14 5 18 0 19 23 23 23 8 13 13 18 18 18 2 1 3 23 9 0 13 13 18 3 1 1 1 15 9 11 11 20 0 20 5 1 15 15 9 11 11 20 20 20 5 1 2 15
101
0 1 0 17 17 7 7 11 11 3 1 1 1 0 17 17 7 11 11 22 0 1 16 16 0 17 18 22 22 22 5 1 14 16 16 18 18 18 22 2 5 14 14 100 16 0 18 21 2 21 10 10 14 12 12 19 0 21 21 21 10 10 12 12 19 19 19 3 23 101 100 6 0 15 20 19 20 23 23 23 6 6 15 15 20 20 20 13 13 23 8 8 8 15 0 9 9 9 13 13
101
4 4 16 16 17 17 9 9 9 22 100 6 100 16 16 17 17 22 22 22 6 6 12 12 16 1 17 2 22 14 100 12 12 0 1 1 1 19 14 14 10 10 0 18 0 1 19 19 19 14 10 10 18 18 18 1 2 19 23 3 0 11 11 18 20 0 20 23 23 23 8 11 11 15 20 20 20 7 7 23 8 6 15 15 13 13 3 21 7 21 8 6 6 15 101 13 13 21 21 21
100
101 15 8 8 8 1 3 9 9 9 15 15 16 16 1 1 1 2 19 101 101 15 0 16 16 1 6 19 19 19 7 7 17 17 16 1 6 6 19 22 7 12 12 17 17 10 10 22 22 22 12 12 14 4 17 10 10 21 22 21 100 14 14 4 20 2 20 21 21 21 4 4 14 18 20 20 20 3 23 101 100 6 18 18 18 13 13 23 23 23 6 6 100 18 5 5 13 13 101 23
100
0 4 4 14 0 7 7 20 100 20 0 1 14 14 17 17 7 20 20 20 1 1 1 14 3 17 17 7 7 9 0 1 5 16 16 2 17 7 22 9 0 1 5 15 16 16 22 22 22 9 0 12 15 15 6 16 3 22 23 2 8 12 12 15 6 6 19 23 23 23 8 0 12 0 18 19 19 19 101 23 8 13 13 18 18 18 19 21 101 21 4 4 13 13 18 5 5 21 21 21
101
100 16 16 0 9 9 9 22 3 15 10 10 16 16 0 22 22 22 15 15 10 10 6 16 18 0 22 0 23 15 100 6 6 18 18 18 5 23 23 23 4 4 12 12 18 20 5 20 2 23 100 12 12 13 13 20 20 20 1 3 4 8 8 8 13 13 19 1 1 1 4 14 17 17 0 19 19 19 1 2 14 14 6 17 17 21 19 21 1 7 100 14 6 6 17 21 21 21 7 7
100
7 7 2 13 13 8 8 8 19 101 7 12 12 2 13 13 1 19 19 19 12 12 3 17 17 1 1 1 19 22 100 16 16 3 17 17 1 22 22 22 10 10 16 16 4 17 1 6 22 5 10 10 100 16 4 18 6 6 23 5 100 14 6 6 18 18 18 23 23 23 14 14 6 15 20 18 20 7 7 23 100 14 15 15 20 20 20 21 7 21 100 4 4 15 9 9 9 21 21 21
100
7 9 9 9 2 1 4 4 15 101 7 7 16 16 1 1 1 15 15 101 10 10 0 16 16 1 5 21 15 21 10 10 0 18 16 1 5 21 21 21 13 13 18 18 18 12 12 4 4 22 0 13 13 18 12 12 19 22 22 22 0 14 6 17 17 19 19 19 22 2 14 14 6 6 17 17 19 3 23 3 6 14 11 11 20 17 20 23 23 23 6 6 11 11 20 20 20 5 5 23
0
100 100 100 20 100 20 4 4 22 3 100 100 14 20 20 20 22 22 22 13 100 14 14 6 6 19 2 22 13 13 10 10 14 6 19 19 19 21 13 21 10 10 17 17 0 19 1 21 21 21 12 16 16 17 17 1 1 1 2 15 12 12 16 16 17 4 1 5 15 15 100 12 6 16 18 4 1 5 23 15 100 6 6 18 18 18 3 23 23 23 100 8 8 8 18 0 9 9 9 23
100
11 11 101 15 0 18 2 9 9 9 11 11 15 15 18 18 18 21 101 21 7 16 16 15 20 18 20 21 21 21 7 7 16 16 20 20 20 2 23 101 12 13 13 16 0 19 3 23 23 23 12 12 13 13 19 19 19 6 6 23 4 12 8 8 8 19 22 6 1 3 4 14 17 17 22 22 22 1 1 1 14 14 7 17 17 22 10 10 1 4 100 14 7 7 17 0 10 10 1 4
100
10 10 13 13 101 7 7 21 101 21 10 10 0 13 13 19 7 21 21 21 4 4 14 5 19 19 19 11 11 2 12 14 14 5 20 19 20 11 11 22 12 12 14 18 20 20 20 22 22 22 100 12 18 18 18 0 1 2 22 15 16 16 0 18 0 1 1 1 15 15 6 16 16 17 17 3 1 3 23 15 6 6 16 7 17 17 1 23 23 23 8 8 8 7 7 17 9 9 9 23
101
101 7 11 11 13 13 9 9 9 22 7 7 11 11 18 13 13 22 22 22 5 16 16 18 18 18 1 2 22 4 5 12 16 16 18 1 1 1 19 4 5 12 12 16 7 7 1 19 19 19 5 14 12 17 17 7 1 21 19 21 14 14 6 6 17 17 3 21 21 21 100 14 6 15 20 17 20 3 23 101 10 10 15 15 20 20 20 23 23 23 10 10 0 15 0 8 8 8 2 23
101
9 9 9 12 12 15 3 1 5 5 11 11 12 12 15 15 1 1 1 14 11 11 7 7 18 15 3 1 14 14 10 10 7 18 18 18 21 1 21 14 10 10 13 13 18 0 21 21 21 2 7 17 17 13 13 19 4 4 23 2 7 7 17 17 19 19 19 23 23 23 16 16 0 17 5 19 4 4 22 23 6 16 16 20 5 20 22 22 22 6 6 6 16 20 20 20 100 22 6 6
101
100 100 6 8 8 8 20 100 20 2 100 6 6 4 4 18 20 20 20 22 100 100 12 12 18 18 18 22 22 22 100 12 12 1 2 18 15 5 22 13 100 14 1 1 1 15 15 5 13 13 14 14 9 1 10 10 15 21 13 21 100 14 9 1 10 10 19 21 21 21 16 16 9 17 17 19 19 19 23 3 100 16 16 6 17 17 19 23 23 23 4 4 16 6 6 17 3 5 5 23
100
6 6 14 8 100 6 6 4 4 22 6 14 14 8 16 16 6 22 22 22 10 10 14 8 3 16 16 20 22 20 10 10 13 13 17 17 16 20 20 20 7 7 1 13 13 17 17 21 2 21 7 1 1 1 2 18 17 21 21 21 11 11 1 5 18 18 18 3 23 101 11 11 1 5 15 18 19 23 23 23 0 12 12 15 15 19 19 19 101 23 12 12 4 4 15 101 19 9 9 9
100
4 4 16 16 4 4 19 2 6 6 10 10 100 16 16 19 19 19 6 22 10 10 12 12 16 1 19 22 22 22 8 12 12 5 1 1 1 21 22 21 8 100 14 5 15 1 9 21 21 21 8 14 14 15 15 1 9 101 23 3 11 11 14 3 15 18 9 23 23 23 11 11 17 17 18 18 18 7 7 23 7 13 13 17 17 18 20 7 20 5 7 7 13 13 17 2 20 20 20 5
101
7 7 16 16 100 100 6 6 100 8 7 1 0 16 16 100 20 6 20 8 1 1 1 6 16 18 20 20 20 8 4 1 6 6 18 18 18 4 4 22 4 1 0 13 13 18 2 22 22 22 9 0 12 12 13 13 19 3 22 5 9 12 12 17 17 19 19 19 23 5 9 14 2 15 17 17 19 23 23 23 14 14 15 15 7 17 21 101 21 23 100 14 3 15 7 7 21 21 21 101
100
11 11 0 16 16 100 20 100 20 4 11 11 1 0 16 16 20 20 20 4 6 1 1 1 0 16 5 21 2 21 6 6 1 8 17 17 5 21 21 21 13 13 1 8 3 17 17 4 4 22 0 13 13 8 18 2 17 22 22 22 0 14 0 18 18 18 19 3 22 5 14 14 0 15 18 19 19 19 23 5 7 14 15 15 10 10 19 23 23 23 7 7 0 15 10 10 9 9 9 23
101
9 2 12 12 14 10 10 4 4 22 9 12 12 14 14 10 10 22 22 22 9 16 16 100 14 20 100 20 22 4 0 15 16 16 100 20 20 20 23 4 15 15 0 16 18 6 6 23 23 23 5 15 7 18 18 18 6 1 3 23 5 13 7 7 18 19 1 1 1 2 13 13 17 17 19 19 19 1 3 8 13 101 7 17 17 19 21 1 21 8 101 7 7 101 17 101 21 21 21 8
100
7 7 9 9 9 3 1 17 17 101 7 13 13 16 16 1 1 1 17 17 101 7 13 13 16 16 1 11 11 17 7 7 12 12 18 16 1 11 11 22 5 12 12 18 18 18 5 22 22 22 5 14 3 15 18 19 5 21 22 21 14 14 15 15 19 19 19 21 21 21 100 14 2 15 4 19 8 2 23 101 100 10 10 20 4 20 8 23 23 23 100 10 10 20 20 20 8 4 4 23
101
6 6 14 6 6 0 18 9 9 9 6 14 14 6 15 18 18 18 7 7 4 4 14 15 15 5 18 21 7 21 10 10 16 16 15 5 19 21 21 21 10 10 1 16 16 19 19 19 3 22 12 1 1 1 16 2 19 22 22 22 12 12 1 5 5 20 3 20 22 4 0 12 1 17 17 20 20 20 23 4 11 11 13 13 17 17 2 23 23 23 11 11 101 13 13 17 8 8 8 23
100
100 6 100 14 100 18 2 21 101 21 6 6 14 14 18 18 18 21 21 21 9 9 9 14 15 18 3 22 7 7 8 8 8 15 15 22 22 22 23 7 10 10 5 5 15 19 22 23 23 23 10 10 17 17 19 19 19 13 13 23 100 16 16 17 17 19 2 1 13 13 6 6 16 16 17 4 1 1 1 3 6 12 12 16 20 4 20 1 11 11 12 12 4 4 20 20 20 1 11 11
100
10 10 100 12 12 4 4 22 3 13 10 10 12 12 18 22 22 22 13 13 6 17 17 18 18 18 22 1 13 2 6 6 17 17 18 7 1 1 1 15 16 16 3 17 19 7 7 1 15 15 100 16 16 19 19 19 21 1 21 15 100 100 16 20 19 20 21 21 21 5 100 100 100 20 20 20 14 2 23 5 100 100 6 4 4 14 14 23 23 23 100 6 6 8 8 8 14 5 5 23
100
16 16 0 7 7 18 9 9 9 101 12 16 16 7 18 18 18 21 101 21 12 12 16 6 0 18 0 21 21 21 7 12 6 6 20 0 20 3 1 3 7 7 17 17 20 20 20 1 1 1 13 13 101 17 17 0 2 22 1 2 0 13 13 5 17 22 22 22 1 15 8 0 14 5 19 0 22 23 15 15 8 14 14 19 19 19 23 23 23 15 8 100 14 0 19 101 5 5 23 101
101
9 5 8 8 8 18 0 21 101 21 9 5 12 12 18 18 18 21 21 21 9 12 12 4 4 18 22 3 23 101 11 11 13 13 22 22 22 23 23 23 11 11 4 13 13 22 14 2 19 23 10 10 4 17 17 14 14 19 19 19 10 10 16 16 17 17 14 1 19 2 100 6 100 16 16 17 1 1 1 15 6 6 6 20 16 20 5 1 15 15 100 6 6 20 20 20 5 1 3 15
100
8 8 8 9 9 9 20 100 20 100 4 12 16 16 17 17 20 20 20 22 4 12 12 16 16 17 17 22 22 22 10 10 12 0 16 2 17 19 22 2 10 10 0 15 0 1 19 19 19 14 6 6 15 15 1 1 1 19 14 14 6 11 11 15 3 1 7 7 23 14 0 11 11 0 18 1 7 23 23 23 7 13 13 18 18 18 21 101 21 23 7 7 13 13 18 3 21 21 21 101
101
100 6 6 100 12 12 1 13 13 101 16 16 6 12 12 1 1 1 13 13 100 16 16 100 18 2 1 21 3 21 100 14 16 18 18 18 1 21 21 21 14 14 0 15 18 7 7 5 5 22 100 14 15 15 3 19 7 22 22 22 6 6 0 15 19 19 19 5 22 4 6 17 17 2 20 19 20 5 23 4 11 11 17 17 20 20 20 23 23 23 11 11 101 17 4 4 8 8 8 23
100
11 11 101 23 9 9 9 21 101 21 11 11 23 23 23 101 19 21 21 21 101 13 17 17 23 19 19 19 3 22 13 13 1 17 17 2 19 22 22 22 13 1 1 1 17 20 2 20 22 100 3 15 1 7 7 20 20 20 10 10 15 15 1 7 16 16 100 6 10 10 8 15 14 16 16 18 6 6 12 12 8 14 14 16 18 18 18 12 12 6 8 100 14 4 4 18 4 4 6 6
100
9 9 9 1 16 16 100 20 100 20 8 0 1 1 1 16 16 20 20 20 8 11 11 1 17 17 16 5 5 22 8 11 11 1 7 17 17 22 22 22 0 12 12 7 7 18 17 3 22 3 12 12 13 13 18 18 18 21 2 21 6 6 14 13 13 18 19 21 21 21 6 14 14 2 15 19 19 19 23 101 10 10 14 15 15 7 19 23 23 23 10 10 4 4 15 7 7 5 5 23
101
8 0 16 16 9 9 9 1 5 5 8 11 11 16 16 0 1 1 1 6 8 11 11 0 16 19 2 1 6 6 7 7 17 17 19 19 19 1 3 22 7 14 4 17 17 19 5 22 22 22 14 14 4 18 17 20 5 20 22 4 12 14 18 18 18 20 20 20 23 4 12 12 0 18 0 15 3 23 23 23 6 12 13 13 15 15 21 2 21 23 6 6 0 13 13 15 21 21 21 101
101
100 12 12 15 4 4 4 4 22 9 12 12 15 15 13 13 22 22 22 9 11 11 3 15 7 13 13 22 1 9 11 11 7 7 7 101 19 1 1 1 0 14 7 7 101 19 19 19 1 2 14 14 0 17 17 101 19 21 1 21 100 14 6 6 17 17 3 21 21 21 100 16 16 6 20 17 20 2 23 101 10 10 16 16 20 20 20 23 23 23 10 10 100 16 100 100 8 8 8 23
101
11 11 17 17 0 9 9 9 22 3 11 11 101 17 17 0 22 22 22 15 0 13 13 101 17 19 0 22 15 15 6 6 13 13 19 19 19 2 1 15 6 16 16 0 20 19 20 1 1 1 10 10 16 16 20 20 20 4 1 2 10 10 100 16 21 0 21 4 1 14 100 12 12 18 21 21 21 23 14 14 12 12 18 18 18 0 23 23 23 14 100 4 4 18 0 8 8 8 23 3
100
101 7 101 9 2 14 20 100 20 100 7 7 15 9 14 14 20 20 20 6 101 15 15 9 3 14 18 100 6 6 11 11 15 17 17 18 18 18 100 22 11 11 1 0 17 17 18 22 22 22 0 1 1 1 7 17 3 21 22 21 6 6 1 7 7 2 19 21 21 21 12 6 1 16 16 19 19 19 23 101 12 12 13 13 16 16 19 23 23 23 100 12 0 13 13 16 8 8 8 23
101
